-18853.794921875
30951.998046875
7784.0625
7784.0625
-6332.32861328125
-5839.28125
3818.083251953125
6492.9287109375
4606.9169921875
2159.46337890625
-627.575927734375
-84.58696746826172
2905.4423828125
2550.84619140625
1150.261474609375
1258.234619140625
553.769287109375
927.5906372070312
908.51806640625
657.2674560546875
400.95416259765625
156.61740112304688
64.21456909179688
64.21456909179688
333.7652587890625
213.36083984375
157.57582092285156
253.86949157714844
81.48185729980469
272.84979248046875
206.31103515625
238.24053955078125
26.021881103515625
124.67536926269531
107.90538787841797
152.7516632080078
159.12484741210938
126.54293060302734
229.99966430664062
45.75835037231445
45.75835037231445
45.75835037231445
184.9608612060547
122.5248031616211
122.5248031616211
166.70425415039062
63.40226745605469
138.53195190429688
105.52360534667969
96.34561920166016
88.92475891113281
87.53290557861328
128.41183471679688
71.09076690673828
123.09100341796875
-5.076992034912109
119.57728576660156
152.027587890625
152.027587890625
109.88279724121094
134.52462768554688
129.31443786621094
113.07036590576172
166.1153106689453
103.86646270751953
123.9991455078125
93.04148864746094
88.2168960571289
139.22091674804688
119.63876342773438
85.28174591064453
141.92774963378906
141.92774963378906
124.98164367675781
169.89791870117188
151.61289978027344
147.1544189453125
67.74342346191406
274.7641296386719
122.078125
102.48782348632812
102.48782348632812
119.1264419555664
92.33946228027344
122.88168334960938
74.1182632446289
152.59732055664062
76.03620910644531
162.60594177246094
176.98287963867188
176.98287963867188
149.97073364257812
119.73066711425781
107.11109161376953
107.11109161376953
92.88465881347656
113.2275390625
118.73199462890625
118.73199462890625
86.57392120361328
88.38008880615234
126.7879638671875
110.61731719970703
80.42349243164062
130.83145141601562
188.07669067382812
188.07669067382812
129.4959716796875
118.40815734863281
106.99143981933594
56.03376388549805
105.16281127929688
130.799560546875
131.7129669189453
131.7129669189453
131.7129669189453
160.39544677734375
179.56680297851562
221.11593627929688
102.18621063232422
102.18621063232422
247.66156005859375
119.06854248046875
108.60357666015625
87.00782775878906
110.84626770019531
79.75048065185547
87.475341796875
117.19676208496094
102.427978515625
92.76476287841797
120.49732971191406
74.7342758178711
86.44649505615234
113.99423217773438
67.31117248535156
85.36235046386719
132.2134552001953
70.64033508300781
93.00929260253906
79.63667297363281
134.84698486328125
77.40953826904297
73.12222290039062
84.40304565429688
76.13664245605469
63.24348831176758
78.02632141113281
153.87237548828125
153.87237548828125
52.06614685058594
205.46743774414062
42.725364685058594
194.95799255371094
87.6930923461914
78.9469223022461
102.08489990234375
81.2330322265625
117.81672668457031
52.14949035644531
128.88876342773438
54.20051574707031
87.78103637695312
87.78103637695312
111.61903381347656
46.33403015136719
135.65101623535156
29.484628677368164
29.484628677368164
124.99037170410156
65.09940338134766
89.91435241699219
138.98089599609375
58.338157653808594
58.338157653808594
99.6923828125
67.6898193359375
90.69194030761719
76.2243423461914
80.5383529663086
73.5153579711914
142.70742797851562
111.20475769042969
240.3525848388672
104.52395629882812
222.87237548828125
69.76512145996094
161.20150756835938
45.03559112548828
45.03559112548828
45.03559112548828
139.21681213378906
139.21681213378906
80.527099609375
80.527099609375
87.37745666503906
96.98524475097656
78.97265625
192.8663330078125
91.35842895507812
128.4551239013672
84.06746673583984
113.91374206542969
72.38011169433594
116.78752899169922
26.696678161621094
129.36277770996094
42.25199890136719
182.03826904296875
145.96556091308594
101.67171478271484
129.6676788330078
137.4190673828125
43.141937255859375
43.141937255859375
117.53221130371094
43.294700622558594
107.66029357910156
52.97863006591797
107.76484680175781
88.00088500976562
77.25178527832031
63.70539093017578
122.49794006347656
60.08113098144531
93.19830322265625
93.19830322265625
62.477088928222656
96.15510559082031
56.33834457397461
73.16084289550781
73.16084289550781
87.17665100097656
80.41523742675781
82.34323120117188
113.28288269042969
89.40927124023438
63.940887451171875
98.78782653808594
200.31793212890625
108.97108459472656
178.08255004882812
163.81211853027344
86.9653549194336
268.5675964355469
268.5675964355469
48.898193359375
151.73355102539062
179.1905517578125
65.29967498779297
97.87603759765625
78.00100708007812
89.19140625
60.87674331665039
85.43688201904297
85.43688201904297
69.71170043945312
83.66632843017578
83.66632843017578
106.16752624511719
106.16752624511719
105.25222778320312
105.25222778320312
105.25222778320312
68.65072631835938
94.18792724609375
70.73768615722656
94.76875305175781
94.76875305175781
94.13439178466797
55.558616638183594
78.69029235839844
78.69029235839844
85.61814880371094
90.71672058105469
84.66096496582031
63.28046417236328
96.2510986328125
73.60333251953125
93.43196105957031
66.39960479736328
96.10972595214844
59.25596618652344
108.14554595947266
61.766117095947266
84.84503173828125
62.96454620361328
87.38006591796875
75.61637115478516
73.76944732666016
91.587646484375
147.16184997558594
68.18124389648438
80.59811401367188
80.5082015991211
65.84486389160156
80.64954376220703
80.64954376220703
56.827415466308594
56.827415466308594
75.59988403320312
61.879066467285156
61.879066467285156
90.85302734375
79.50949096679688
128.0157012939453
70.14007568359375
70.14007568359375
88.57859802246094
60.61375427246094
76.21208190917969
78.08802795410156
78.37440490722656
78.37440490722656
43.674163818359375
108.34324645996094
52.375709533691406
100.35460662841797
100.35460662841797
68.77310943603516
97.15673828125
40.10151672363281
93.84585571289062
61.239418029785156
72.14088439941406
82.35721588134766
88.24618530273438
61.94831085205078
72.06697845458984
91.14236450195312
58.16093444824219
87.05101013183594
57.57848358154297
89.46543884277344
73.89035034179688
55.04250717163086
91.44292449951172
64.7994613647461
88.34966278076172
94.0096435546875
96.40628051757812
125.10316467285156
62.02555847167969
88.9189453125
76.04229736328125
78.89213562011719
106.30374145507812
107.59927368164062
103.72074890136719
43.99700164794922
113.6434326171875
65.76571655273438
65.76571655273438
61.418067932128906
86.33219909667969
86.33219909667969
77.68650817871094
64.99253845214844
64.74276733398438
79.2418212890625
56.411705017089844
71.97096252441406
69.22410583496094
71.53562927246094
80.98068237304688
80.98068237304688
89.92933654785156
70.30207824707031
71.26260375976562
80.22457122802734
59.32127380371094
75.29824829101562
61.31871032714844
70.69059753417969
63.93263626098633
66.50399017333984
106.61598205566406
80.72647857666016
98.23785400390625
48.01883316040039
89.55439758300781
88.61566162109375
83.07843017578125
83.07843017578125
58.061012268066406
97.61283874511719
81.11842346191406
46.660255432128906
119.31884002685547
119.31884002685547
85.8524169921875
66.73714447021484
111.60389709472656
59.53896713256836
76.05503845214844
60.812835693359375
75.47015380859375
64.60044860839844
52.139976501464844
89.85311126708984
61.08856964111328
82.1409912109375
55.4014778137207
87.455810546875
54.49828338623047
47.2029914855957
94.62467956542969
60.88272476196289
88.92179870605469
77.15312957763672
71.24095153808594
74.32755279541016
58.166481018066406
107.30167388916016
66.3682861328125
75.12799072265625
79.35389709472656
75.05729675292969
75.05729675292969
52.56195831298828
52.56195831298828
71.44319152832031
57.73359680175781
72.88706970214844
72.24960327148438
82.61442565917969
71.43634033203125
95.06202697753906
107.89398956298828
84.476318359375
87.34574890136719
76.96435546875
86.76024627685547
60.9759635925293
68.76219940185547
90.17073059082031
72.30583190917969
72.30583190917969
89.35508728027344
48.994293212890625
141.09629821777344
83.03996276855469
74.38346862792969
91.49066925048828
97.84397888183594
67.12432098388672
74.05094909667969
95.04862976074219
95.36453247070312
99.95066833496094
145.89918518066406
184.43934631347656
35.31048583984375
132.42987060546875
132.42987060546875
54.59960174560547
60.4676628112793
115.94667053222656
65.50947570800781
93.2587890625
160.39247131347656
-9.782999992370605
260.5306701660156
13.161884307861328
224.30328369140625
-48.24740219116211
246.51712036132812
230.3087158203125
19.800182342529297
150.87985229492188
46.29677963256836
154.44107055664062
154.44107055664062
117.76390075683594
79.27770233154297
107.14741516113281
95.78712463378906
41.00782012939453
82.6892318725586
92.12631225585938
91.5982666015625
72.77092742919922
101.01947021484375
101.01947021484375
85.70170593261719
91.80624389648438
90.30569458007812
89.80233764648438
82.7782211303711
79.32801818847656
71.85415649414062
67.46788024902344
70.45281982421875
72.25554656982422
72.25554656982422
66.7228012084961
82.3411865234375
81.93644714355469
108.33512878417969
63.58421325683594
101.54646301269531
65.19770050048828
65.19770050048828
159.14300537109375
97.43563842773438
97.43563842773438
115.16287231445312
126.81428527832031
70.11215209960938
104.80976867675781
91.19429016113281
86.52196502685547
180.98370361328125
74.32745361328125
161.07192993164062
96.76506042480469
152.1063690185547
75.6126708984375
115.06175994873047
61.324764251708984
190.04226684570312
59.99345016479492
103.5687255859375
105.51119995117188
110.67988586425781
42.38556671142578
120.62081146240234
92.26679229736328
92.26679229736328
57.3057746887207
140.93386840820312
156.32351684570312
54.007930755615234
54.007930755615234
125.7274169921875
125.7274169921875
96.70773315429688
126.55247497558594
111.19322204589844
111.19322204589844
189.7545623779297
45.43596649169922
259.2547912597656
68.92369079589844
68.92369079589844
128.28269958496094
158.76795959472656
20.980180740356445
222.4192352294922
126.82621765136719
122.79684448242188
146.4336700439453
115.89059448242188
164.13284301757812
115.90425872802734
81.04229736328125
207.1415252685547
35.61796951293945
92.98580169677734
141.00802612304688
79.56675720214844
113.69390106201172
119.10841369628906
34.20590591430664
34.20590591430664
132.50613403320312
62.377540588378906
116.69149780273438
86.78390502929688
86.78390502929688
91.46055603027344
114.73444366455078
46.5377082824707
96.0519027709961
41.006858825683594
105.72120666503906
60.29241943359375
78.91180419921875
135.8936004638672
31.391368865966797
120.75714111328125
121.7314453125
103.43489074707031
190.66510009765625
73.58708190917969
150.99859619140625
26.815414428710938
106.15865325927734
191.19921875
47.03627014160156
198.5948944091797
198.5948944091797
40.57841491699219
153.73277282714844
153.73277282714844
20.950002670288086
129.79690551757812
103.93617248535156
103.35679626464844
89.06339263916016
108.8833999633789
115.90626525878906
102.24989318847656
114.7855453491211
65.64996337890625
159.6670379638672
64.8043212890625
106.91356658935547
63.26854705810547
208.40452575683594
22.23040199279785
168.0877685546875
31.85993003845215
152.0089874267578
52.735107421875
111.34811401367188
79.78662872314453
127.18476104736328
84.7147216796875
115.9094467163086
62.4434700012207
62.4434700012207
123.07595825195312
69.47183227539062
260.10809326171875
66.37591552734375
94.34222412109375
94.34222412109375
124.81576538085938
47.210296630859375
94.54924011230469
89.29998779296875
115.34942626953125
70.50785064697266
106.4677734375
70.47683715820312
122.57669830322266
56.251529693603516
109.488525390625
81.75992584228516
165.50613403320312
54.82306671142578
115.62577819824219
115.62577819824219
58.766422271728516
92.86647033691406
135.72662353515625
119.49036407470703
88.71640014648438
161.19061279296875
96.98928833007812
67.79342651367188
130.85488891601562
315.513671875
109.80455017089844
115.63460540771484
115.63460540771484
338.5289001464844
102.90962219238281
191.025390625
79.78363037109375
108.37699890136719
165.52102661132812
107.26524353027344
100.00971221923828
81.4073486328125
177.33975219726562
80.18049621582031
242.62615966796875
119.08769989013672
222.01397705078125
84.38446044921875
328.6456298828125
328.6456298828125
91.67585754394531
223.894287109375
151.7352294921875
100.94905090332031
78.44000244140625
193.73248291015625
64.91984558105469
133.32528686523438
177.7593231201172
97.41445922851562
179.0545654296875
70.99107360839844
89.82495880126953
140.46307373046875
52.783226013183594
196.5598602294922
88.41368103027344
154.2507781982422
113.70252227783203
131.04888916015625
131.04888916015625
45.576805114746094
153.61709594726562
29.287216186523438
29.287216186523438
29.287216186523438
121.24702453613281
101.11299896240234
97.12934875488281
73.61566162109375
117.4675521850586
119.12027740478516
76.12637329101562
115.77186584472656
115.77186584472656
68.451171875
103.61598205566406
111.61922454833984
135.49017333984375
82.34963989257812
126.31257629394531
82.71465301513672
81.48298645019531
81.48298645019531
77.21580505371094
102.8431396484375
92.59768676757812
59.49855041503906
124.21775817871094
52.09492492675781
42.57408905029297
108.43486022949219
64.4164047241211
74.59801483154297
91.54376220703125
63.39946365356445
92.03970336914062
75.77009582519531
94.55314636230469
55.38469696044922
93.21744537353516
66.44911193847656
66.44911193847656
56.42603302001953
170.2216033935547
28.176237106323242
96.84051513671875
100.35257720947266
28.501216888427734
163.51715087890625
34.76054382324219
150.00242614746094
41.26362991333008
41.26362991333008
111.8349838256836
59.69539260864258
53.82635498046875
95.59800720214844
49.81976318359375
90.7470703125
77.22793579101562
73.35585021972656
70.98978424072266
77.15892791748047
77.15892791748047
74.09733581542969
67.87994384765625
70.144287109375
151.06097412109375
103.17312622070312
99.99531555175781
120.88943481445312
57.41706848144531
105.23883819580078
74.20657348632812
149.99710083007812
55.07981872558594
112.7256088256836
47.58628463745117
47.58628463745117
59.50634002685547
66.39359283447266
58.836204528808594
413.27508544921875
67.56533813476562
356.4854736328125
65.42091369628906
93.66167449951172
368.4315185546875
71.18557739257812
178.08364868164062
178.08364868164062
90.04229736328125
90.04229736328125
288.10467529296875
104.51542663574219
306.2789306640625
299.40985107421875
91.88462829589844
138.16006469726562
138.16006469726562
138.16006469726562
117.61021423339844
167.5684356689453
98.19833374023438
301.05609130859375
61.164093017578125
195.5206298828125
120.47039794921875
120.47039794921875
231.803466796875
53.70646667480469
113.20516967773438
140.18023681640625
72.08927917480469
119.4547348022461
112.5848388671875
169.33961486816406
77.44397735595703
154.47935485839844
154.47935485839844
172.11953735351562
93.52073669433594
62.12196350097656
62.12196350097656
215.04071044921875
68.97148132324219
126.14990234375
128.02777099609375
150.16390991210938
48.360084533691406
115.91836547851562
104.92657470703125
124.86903381347656
124.86903381347656
60.161895751953125
97.95329284667969
102.90770721435547
72.83455657958984
72.83455657958984
70.15017700195312
79.71115112304688
76.89466094970703
33.472511291503906
84.22938537597656
122.28324890136719
79.04209899902344
38.54961395263672
56.64259338378906
101.706787109375
72.79801940917969
209.95358276367188
232.5480194091797
52.31243133544922
81.67402648925781
199.1022186279297
92.52436828613281
88.03688049316406
57.11891174316406
57.11891174316406
81.09263610839844
85.4727554321289
139.64175415039062
68.68013000488281
64.96157836914062
114.26753997802734
160.85635375976562
53.517433166503906
68.97769165039062
28.211185455322266
233.31985473632812
107.71047973632812
155.40174865722656
191.07040405273438
213.45974731445312
213.45974731445312
200.5600128173828
139.1518096923828
93.30006408691406
148.82748413085938
152.46725463867188
15.279047012329102
207.489501953125
207.489501953125
87.08963012695312
110.77275085449219
195.35507202148438
157.11004638671875
118.1025390625
109.57595825195312
117.19189453125
117.19189453125
97.1356201171875
236.80050659179688
118.11349487304688
21.24439811706543
176.9699249267578
176.9699249267578
139.8916473388672
111.29032897949219
111.29032897949219
60.289276123046875
131.9016876220703
352.80419921875
32.66025161743164
108.45758056640625
160.5700225830078
92.19515228271484
131.478759765625
318.99755859375
204.25827026367188
46.072898864746094
97.72978973388672
69.00386047363281
313.5587158203125
801.80859375
14.836166381835938
177.64395141601562
932.720458984375
45.500492095947266
813.2176513671875
74.83259582519531
45.491153717041016
434.561279296875
434.561279296875
97.05517578125
212.5835723876953
103.1418685913086
103.1418685913086
126.7620620727539
126.7620620727539
126.7620620727539
42.11894989013672
214.44790649414062
214.44790649414062
118.65068817138672
98.0286865234375
118.02576446533203
110.32582092285156
55.97582244873047
82.2199478149414
110.05397033691406
79.87944793701172
78.06609344482422
104.11170959472656
95.36327362060547
75.72061157226562
67.57872009277344
98.43870544433594
82.08161163330078
69.9331283569336
72.03607940673828
81.42906951904297
84.28013610839844
46.95611572265625
46.95611572265625
88.90376281738281
106.17205810546875
106.17205810546875
67.70002746582031
62.66387939453125
89.24198913574219
89.91241455078125
65.93809509277344
65.93809509277344
70.01921081542969
39.716392517089844
127.04894256591797
102.38017272949219
72.38909912109375
88.89262390136719
103.05970001220703
64.34661865234375
50.607635498046875
60.533058166503906
49.24545669555664
49.24545669555664
49.24545669555664
59.33780288696289
126.98021697998047
342.424560546875
99.74763488769531
99.74763488769531
53.71802520751953
207.17184448242188
82.03660583496094
62.809715270996094
22.18157196044922
543.10595703125
24.162830352783203
266.19580078125
78.35533142089844
21.999984741210938
657.5173950195312
85.14195251464844
129.83462524414062
471.4350280761719
471.4350280761719
32.00156021118164
248.1871795654297
99.33869171142578
23.374670028686523
955.4344482421875
58.68840789794922
190.49256896972656
282.047119140625
208.315185546875
155.8583984375
86.71580505371094
86.71580505371094
130.97882080078125
167.67169189453125
66.09451293945312
135.29104614257812
75.19522094726562
75.19522094726562
102.30825805664062
116.40725708007812
107.18148040771484
86.95113372802734
125.51136779785156
109.2254638671875
86.4384994506836
75.27067565917969
102.6455078125
114.78706359863281
81.28985595703125
60.190391540527344
60.190391540527344
60.190391540527344
83.58783721923828
77.44386291503906
74.76383972167969
64.1646728515625
89.75318908691406
84.44284057617188
87.97042083740234
78.5792236328125
119.30310821533203
93.8037109375
108.83778381347656
46.1876220703125
65.34331512451172
65.34331512451172
113.28129577636719
68.07203674316406
84.85661315917969
84.85661315917969
98.75177001953125
98.75177001953125
77.01237487792969
63.543907165527344
105.640625
75.18736267089844
84.76483154296875
64.35075378417969
96.80563354492188
119.34626007080078
54.162113189697266
71.41403198242188
75.06285095214844
67.48455810546875
67.48455810546875
72.93388366699219
83.19710540771484
59.58506774902344
71.00379943847656
88.64472198486328
88.64472198486328
88.64472198486328
84.72813415527344
85.6240234375
61.343406677246094
69.14933776855469
69.14933776855469
92.08900451660156
64.47055053710938
88.3001708984375
87.79702758789062
87.79702758789062
56.988075256347656
56.988075256347656
120.0766830444336
66.40911102294922
83.45950317382812
134.0485076904297
66.46533966064453
136.2632293701172
67.05241394042969
95.16387939453125
174.5064697265625
55.078086853027344
130.77471923828125
64.65650939941406
88.21988677978516
89.55264282226562
89.55264282226562
99.6556396484375
70.20051574707031
106.33094787597656
130.5662841796875
76.05247497558594
164.33297729492188
64.30367279052734
61.383968353271484
99.93209075927734
74.03717041015625
93.111572265625
63.41047668457031
86.35406494140625
73.75992584228516
111.77925109863281
73.53860473632812
73.53860473632812
57.38434982299805
127.87611389160156
127.87611389160156
62.75910949707031
64.18741607666016
119.7836685180664
63.31972122192383
86.21685791015625
116.84136962890625
65.73450469970703
124.05117797851562
65.11930847167969
65.11930847167969
77.30070495605469
90.98638916015625
65.65531158447266
109.30795288085938
60.25631332397461
60.25631332397461
69.6924057006836
162.32846069335938
52.64363098144531
112.39433288574219
131.5953826904297
59.53807067871094
165.4375
77.63566589355469
78.42205047607422
117.09564971923828
75.75787353515625
78.38734436035156
78.38734436035156
78.30924987792969
71.85279846191406
77.56404113769531
80.22549438476562
79.992919921875
71.17800903320312
69.06211853027344
69.01610565185547
84.15357971191406
73.43206787109375
64.16073608398438
106.70806884765625
106.70806884765625
71.3829345703125
78.08148956298828
69.86676025390625
72.14595031738281
77.19125366210938
78.52068328857422
98.41929626464844
63.670650482177734
80.2232666015625
186.45742797851562
101.12646484375
86.3493423461914
132.4169464111328
173.58059692382812
53.101104736328125
104.49493408203125
261.0316162109375
45.96134948730469
110.17927551269531
110.17927551269531
110.17927551269531
296.53594970703125
296.53594970703125
44.04237365722656
84.91429138183594
84.91429138183594
129.8967742919922
78.3899154663086
92.27386474609375
157.99752807617188
99.14643859863281
165.01856994628906
127.98283386230469
93.6719741821289
118.04991912841797
173.3921356201172
173.3921356201172
98.49470520019531
98.49470520019531
108.67475128173828
156.77908325195312
102.81397247314453
126.10285949707031
116.37673950195312
67.77385711669922
98.60637664794922
126.82943725585938
140.55235290527344
72.92155456542969
115.67384338378906
91.90058135986328
85.88717651367188
143.90716552734375
80.01134490966797
105.6983642578125
84.01129150390625
70.01673889160156
168.86415100097656
74.85367584228516
61.93438720703125
61.93438720703125
134.33575439453125
82.3961181640625
73.29779052734375
157.16993713378906
59.43307113647461
80.76289367675781
204.97244262695312
65.05939483642578
141.08746337890625
111.08948516845703
64.66351318359375
103.07109069824219
125.66871643066406
75.47504425048828
63.12351989746094
169.79641723632812
84.01343536376953
82.55611419677734
219.50430297851562
88.8725357055664
93.15433502197266
89.96952819824219
98.82333374023438
113.95883178710938
85.82464599609375
97.99081420898438
98.22169494628906
125.26163482666016
125.26163482666016
85.80470275878906
117.4429931640625
92.92916870117188
96.63218688964844
71.43475341796875
87.7137451171875
126.54507446289062
64.99610900878906
87.20321655273438
151.21389770507812
67.40713500976562
90.10301208496094
174.00729370117188
63.762691497802734
176.13705444335938
81.16300964355469
56.195804595947266
312.65765380859375
146.14573669433594
84.90434265136719
310.7406921386719
823.0955810546875
97.24887084960938
37.446598052978516
37.446598052978516
579.143798828125
264.5769348144531
231.8836212158203
792.99365234375
792.99365234375
75.93638610839844
75.93638610839844
767.705810546875
87.22175598144531
457.80340576171875
46.95804977416992
465.830810546875
465.830810546875
92.1619644165039
429.9097900390625
99.64448547363281
204.20068359375
93.51237487792969
186.3210906982422
63.46729278564453
148.97239685058594
65.728271484375
169.5603790283203
116.10191345214844
87.44732666015625
132.32992553710938
132.32992553710938
132.32992553710938
80.55044555664062
141.39825439453125
65.57806396484375
180.1684112548828
60.72486877441406
166.22457885742188
73.79464721679688
103.83626556396484
77.11306762695312
87.30752563476562
62.7800178527832
88.86708068847656
96.42544555664062
74.34837341308594
79.46116638183594
74.46917724609375
90.6256103515625
88.52540588378906
91.26578521728516
68.15287017822266
94.1305923461914
60.65386962890625
97.04847717285156
71.33566284179688
93.42172241210938
71.96855926513672
80.00209045410156
71.44123840332031
80.64889526367188
63.88964080810547
73.79585266113281
71.51496887207031
81.56814575195312
80.25789642333984
67.75416564941406
74.41047668457031
75.98944091796875
68.04600524902344
87.63197326660156
87.63197326660156
59.67467498779297
75.87648010253906
69.781982421875
78.84361267089844
78.84361267089844
62.39759063720703
119.24635314941406
72.40902709960938
96.95430755615234
79.52645874023438
79.52645874023438
85.66983795166016
65.85767364501953
76.396728515625
68.7356948852539
73.17173767089844
65.96415710449219
65.32337951660156
65.32337951660156
76.63549041748047
67.5933609008789
84.917724609375
76.02943420410156
74.17616271972656
72.007080078125
72.007080078125
68.40333557128906
63.705116271972656
76.34159851074219
65.63240814208984
65.63240814208984
71.59817504882812
76.28703308105469
55.34624481201172
77.15521240234375
65.10469818115234
65.10469818115234
84.55998992919922
84.55998992919922
60.48811721801758
86.63601684570312
74.2643051147461
64.18255615234375
82.0664291381836
91.11886596679688
55.432769775390625
80.58812713623047
69.58837890625
66.35161590576172
66.35161590576172
97.94750213623047
57.062103271484375
75.95055389404297
64.45774841308594
65.56678771972656
78.21086883544922
61.0703125
81.40939331054688
67.49978637695312
65.4952392578125
71.96551513671875
66.88330078125
83.19717407226562
63.001068115234375
80.263916015625
72.86756896972656
74.79606628417969
74.79606628417969
74.79606628417969
77.56920623779297
73.62726593017578
73.62726593017578
73.29071044921875
88.69010925292969
85.2181396484375
64.23088836669922
91.33836364746094
91.49846649169922
73.5322494506836
68.45040893554688
88.45574188232422
88.45574188232422
60.88788986206055
60.88788986206055
82.10743713378906
89.18208312988281
63.90049362182617
63.90049362182617
93.37641906738281
65.43213653564453
61.9433708190918
78.30261993408203
63.376869201660156
72.53929138183594
68.88326263427734
68.3526611328125
74.03251647949219
56.72673034667969
74.3740234375
74.3740234375
91.2673110961914
87.18345642089844
88.3309097290039
109.84017944335938
81.19011688232422
46.19442367553711
140.14096069335938
59.82706069946289
58.05693817138672
151.82635498046875
98.9015121459961
71.85104370117188
82.42251586914062
82.58816528320312
62.33403015136719
97.12796020507812
95.66789245605469
53.229766845703125
95.4483871459961
94.05657196044922
63.48870086669922
63.48870086669922
97.86807250976562
97.94988250732422
85.19454956054688
104.68827819824219
47.925296783447266
133.11312866210938
63.589725494384766
56.021942138671875
56.021942138671875
56.021942138671875
122.07296752929688
122.07296752929688
61.28635787963867
66.87544250488281
105.72282409667969
66.29798889160156
79.79789733886719
99.96660614013672
79.02998352050781
78.30169677734375
104.78691101074219
80.86968994140625
74.9486083984375
82.5330810546875
82.5330810546875
63.050567626953125
64.12184143066406
117.5802993774414
78.96788024902344
93.81564331054688
86.99444580078125
63.96442413330078
75.45074462890625
119.17770385742188
48.766510009765625
72.611083984375
154.27114868164062
78.78274536132812
53.36963653564453
100.18820190429688
100.18820190429688
86.92931365966797
56.263511657714844
141.35057067871094
61.482391357421875
62.89888000488281
62.89888000488281
140.38963317871094
51.26029968261719
106.89527893066406
84.40853881835938
70.8533706665039
79.9569091796875
79.6991195678711
91.83299255371094
57.93598937988281
76.70246887207031
79.21919250488281
74.31535339355469
75.13001251220703
78.99237823486328
52.470130920410156
104.51246643066406
92.6533203125
57.72914505004883
151.4537353515625
63.458900451660156
63.458900451660156
63.458900451660156
119.97074890136719
52.573997497558594
64.94976806640625
141.72613525390625
73.66731262207031
84.9107894897461
81.13645935058594
58.60307693481445
139.31491088867188
70.1264419555664
124.35044860839844
62.482574462890625
138.26451110839844
74.26995849609375
71.66278839111328
71.66278839111328
113.8326416015625
68.68818664550781
91.9686279296875
127.37825012207031
68.61785888671875
141.03390502929688
50.827484130859375
194.3632049560547
194.3632049560547
62.03514099121094
62.03514099121094
87.33680725097656
107.94080352783203
84.2352294921875
156.96876525878906
51.954097747802734
51.954097747802734
83.54255676269531
183.1099853515625
65.92964172363281
65.92964172363281
186.92831420898438
116.43959045410156
65.17562866210938
65.17562866210938
65.17562866210938
173.3875274658203
65.50456237792969
162.908935546875
70.75456237792969
74.0610580444336
121.35115051269531
63.404075622558594
140.70101928710938
106.71656799316406
44.28070831298828
163.646240234375
57.37849807739258
156.6050262451172
68.96456909179688
68.96456909179688
75.72809600830078
97.21195220947266
71.83999633789062
62.77525329589844
62.77525329589844
154.6551513671875
62.60395812988281
138.91571044921875
79.76217651367188
88.16471099853516
126.19520568847656
72.51309967041016
102.95918273925781
54.8992919921875
89.02482604980469
89.02482604980469
93.66781616210938
87.03167724609375
87.03167724609375
135.0198211669922
49.71354675292969
114.6539306640625
58.1859016418457
67.89983367919922
94.04130554199219
58.606788635253906
121.68687438964844
46.591773986816406
132.17984008789062
55.737281799316406
123.80540466308594
71.22938537597656
68.17475891113281
117.70506286621094
62.7098388671875
105.12085723876953
58.504920959472656
110.0538558959961
62.95132064819336
131.197509765625
72.51371765136719
58.9398193359375
151.145263671875
60.12781524658203
88.7110595703125
141.2489471435547
63.08268737792969
114.88134765625
63.73357391357422
68.62661743164062
87.96945190429688
73.09970092773438
102.41468811035156
75.67051696777344
62.82108688354492
111.26929473876953
60.38492202758789
77.86332702636719
66.64602661132812
86.01760864257812
54.05929183959961
80.06340026855469
82.38674926757812
81.43119812011719
88.94927215576172
70.24478149414062
78.58924102783203
68.31776428222656
79.46370697021484
98.50131225585938
69.72772979736328
87.5477523803711
87.5477523803711
122.14380645751953
66.08750915527344
112.1570816040039
83.115478515625
66.15242767333984
123.78622436523438
54.79505157470703
99.10536193847656
68.58851623535156
81.51918029785156
81.51918029785156
86.474853515625
72.96958923339844
69.28152465820312
69.28152465820312
53.47943878173828
106.16068267822266
67.40814208984375
85.21565246582031
85.251953125
72.0612564086914
95.17180633544922
95.17180633544922
80.59031677246094
80.59031677246094
64.72978973388672
93.68538665771484
77.08707427978516
105.29420471191406
85.11237335205078
89.16121673583984
116.81199645996094
99.51140594482422
89.31944274902344
116.52754211425781
122.29841613769531
79.37129211425781
82.74585723876953
74.34129333496094
101.94707489013672
71.84425354003906
71.84425354003906
72.6075668334961
82.20721435546875
60.39854431152344
68.9240951538086
85.89849853515625
58.5985107421875
72.64753723144531
75.71085357666016
66.1819076538086
67.22666931152344
81.0242919921875
64.21842956542969
83.89517211914062
68.8274917602539
68.8274917602539
68.8274917602539
71.15994262695312
74.5312271118164
57.220062255859375
57.220062255859375
77.17808532714844
60.86639404296875
66.42042541503906
79.02482604980469
79.02482604980469
68.66278839111328
71.56527709960938
70.65493774414062
65.28489685058594
68.68737030029297
76.26820373535156
61.929359436035156
65.14862060546875
81.7392578125
80.4803237915039
88.81170654296875
72.93570709228516
71.08772277832031
87.68803405761719
54.45732116699219
116.466552734375
63.71609115600586
98.4779052734375
146.5961456298828
47.03053665161133
143.28341674804688
156.96255493164062
80.428466796875
80.428466796875
80.70622253417969
110.07353210449219
69.44345092773438
77.8894271850586
65.726318359375
65.726318359375
88.7152328491211
56.029823303222656
70.36528015136719
91.01339721679688
63.83134078979492
76.91592407226562
98.48017883300781
62.14750289916992
105.70883178710938
105.70883178710938
69.64002990722656
70.4634780883789
66.60842895507812
85.34403991699219
69.01972198486328
71.74012756347656
72.84400939941406
57.276329040527344
79.41746520996094
66.03555297851562
74.15023803710938
81.6650161743164
63.767608642578125
90.03485107421875
103.89717102050781
51.892433166503906
117.15589904785156
64.50267791748047
67.02865600585938
55.61279296875
70.23574829101562
96.44410705566406
58.48130416870117
61.87456130981445
128.9710693359375
55.19005584716797
105.316650390625
59.43661880493164
60.42906951904297
144.96841430664062
58.24751281738281
58.24751281738281
58.24751281738281
67.9518051147461
82.88108825683594
57.9626579284668
87.22798156738281
64.436767578125
65.29154205322266
76.58665466308594
99.34564208984375
52.20192337036133
67.58573913574219
168.42007446289062
53.48460006713867
79.13671875
69.8088607788086
69.8088607788086
72.34223937988281
65.07579040527344
77.07536315917969
68.31593322753906
69.94032287597656
76.56050109863281
86.10717010498047
56.68402099609375
75.34204864501953
68.94741821289062
65.59615325927734
60.26904296875
79.74383544921875
61.96796798706055
80.4483642578125
82.29475402832031
52.67221450805664
104.76113891601562
73.65695190429688
68.68756103515625
148.08010864257812
60.14792251586914
70.55103302001953
134.02813720703125
78.99803924560547
39.66804122924805
135.4633026123047
64.10861206054688
78.56732177734375
95.77305603027344
57.93824005126953
111.07568359375
72.84077453613281
57.082725524902344
154.44854736328125
69.8525390625
176.1747589111328
54.96197509765625
88.7266616821289
133.98468017578125
59.099674224853516
166.71975708007812
60.518714904785156
56.063255310058594
119.86654663085938
119.86654663085938
87.15892028808594
118.98701477050781
73.48704528808594
67.24394989013672
152.465087890625
63.73663330078125
129.96649169921875
74.30992126464844
158.87356567382812
158.87356567382812
108.52516174316406
38.72768020629883
38.72768020629883
197.49227905273438
49.9732666015625
101.30290222167969
150.28741455078125
52.94628143310547
123.3236083984375
123.3236083984375
49.45002746582031
162.78277587890625
65.85009002685547
38.912864685058594
180.20697021484375
63.10288619995117
94.59407043457031
77.36738586425781
81.76666259765625
76.36982727050781
76.36982727050781
79.89744567871094
93.99302673339844
68.7032699584961
111.92010498046875
68.12812042236328
78.10887145996094
94.4718017578125
57.14944839477539
104.44273376464844
56.61754608154297
76.27289581298828
68.8492431640625
92.34355163574219
87.16251373291016
63.70018768310547
63.70018768310547
88.18267822265625
62.43151092529297
62.43151092529297
55.275970458984375
95.68394470214844
57.95460510253906
86.96272277832031
81.2532958984375
57.046749114990234
85.7254638671875
74.62452697753906
63.13255310058594
86.03752136230469
56.339412689208984
56.339412689208984
79.42568969726562
70.9518051147461
80.5697021484375
59.359806060791016
67.7756576538086
64.57331848144531
49.35460662841797
49.35460662841797
122.31735229492188
47.86248016357422
97.93083953857422
51.62714767456055
81.24176788330078
61.033748626708984
65.63267517089844
71.45872497558594
55.37205505371094
62.51380157470703
61.49348068237305
66.32035827636719
60.542686462402344
76.26058959960938
48.934940338134766
89.53327941894531
89.53327941894531
46.40386962890625
88.79176330566406
68.93202209472656
48.20551300048828
124.03340148925781
51.00578308105469
73.1431884765625
69.77960205078125
69.77960205078125
74.2447738647461
66.96029663085938
97.92227172851562
76.8746337890625
59.91846466064453
81.57450103759766
57.59625244140625
116.61512756347656
51.126129150390625
137.86233520507812
56.46283721923828
142.73342895507812
52.163856506347656
52.163856506347656
141.43551635742188
69.53717041015625
69.53717041015625
94.98150634765625
84.4963607788086
100.38726806640625
61.66221237182617
64.93882751464844
98.31948852539062
98.31948852539062
73.00273132324219
93.38565063476562
59.10811233520508
98.02001953125
90.71346282958984
80.70121765136719
91.60800170898438
88.98358154296875
61.396034240722656
65.51055908203125
82.69351959228516
79.85786437988281
65.5279769897461
82.78274536132812
82.78274536132812
67.63141632080078
88.43394470214844
56.262901306152344
81.26055908203125
56.77001953125
54.42448806762695
79.97798919677734
69.45686340332031
