-18853.794921875
30951.998046875
7784.0625
7784.0625
-6332.32861328125
-5839.28125
3818.083251953125
6492.9287109375
4606.9169921875
2159.46337890625
-627.575927734375
-84.58696746826172
2905.4423828125
2550.84619140625
1150.261474609375
1258.234619140625
553.769287109375
927.5906372070312
908.51806640625
657.2674560546875
400.95416259765625
156.61740112304688
64.21456909179688
64.21456909179688
333.7652587890625
213.36083984375
157.57582092285156
253.86949157714844
81.48185729980469
272.84979248046875
206.31103515625
238.24053955078125
26.021881103515625
124.67536926269531
107.90538787841797
152.7516632080078
159.12484741210938
126.54293060302734
229.99966430664062
45.75835037231445
45.75835037231445
45.75835037231445
184.9608612060547
122.5248031616211
122.5248031616211
166.70425415039062
63.40226745605469
138.53195190429688
105.52360534667969
96.34561920166016
88.92475891113281
87.53290557861328
128.41183471679688
71.09076690673828
123.09100341796875
-5.076992034912109
119.57728576660156
152.027587890625
152.027587890625
109.88279724121094
134.52462768554688
129.31443786621094
113.07036590576172
166.1153106689453
103.86646270751953
123.9991455078125
93.04148864746094
88.2168960571289
139.22091674804688
119.63876342773438
85.28174591064453
141.92774963378906
141.92774963378906
124.98164367675781
169.89791870117188
151.61289978027344
147.1544189453125
67.74342346191406
274.7641296386719
122.078125
102.48782348632812
102.48782348632812
119.1264419555664
92.33946228027344
122.88168334960938
74.1182632446289
152.59732055664062
76.03620910644531
162.60594177246094
176.98287963867188
176.98287963867188
149.97073364257812
119.73066711425781
107.11109161376953
107.11109161376953
92.88465881347656
113.2275390625
118.73199462890625
118.73199462890625
86.57392120361328
88.38008880615234
126.7879638671875
110.61731719970703
80.42349243164062
130.83145141601562
188.07669067382812
188.07669067382812
129.4959716796875
118.40815734863281
106.99143981933594
56.03376388549805
105.16281127929688
130.799560546875
131.7129669189453
131.7129669189453
131.7129669189453
160.39544677734375
179.56680297851562
221.11593627929688
102.18621063232422
102.18621063232422
247.66156005859375
119.06854248046875
108.60357666015625
87.00782775878906
110.84626770019531
79.75048065185547
87.475341796875
117.19676208496094
102.427978515625
92.76476287841797
120.49732971191406
74.7342758178711
86.44649505615234
113.99423217773438
67.31117248535156
85.36235046386719
132.2134552001953
70.64033508300781
93.00929260253906
79.63667297363281
134.84698486328125
77.40953826904297
73.12222290039062
84.40304565429688
76.13664245605469
63.24348831176758
78.02632141113281
153.87237548828125
153.87237548828125
52.06614685058594
205.46743774414062
42.725364685058594
194.95799255371094
87.6930923461914
78.9469223022461
102.08489990234375
81.2330322265625
117.81672668457031
52.14949035644531
128.88876342773438
54.20051574707031
87.78103637695312
87.78103637695312
111.61903381347656
46.33403015136719
135.65101623535156
29.484628677368164
29.484628677368164
124.99037170410156
65.09940338134766
89.91435241699219
138.98089599609375
58.338157653808594
58.338157653808594
99.6923828125
67.6898193359375
90.69194030761719
76.2243423461914
80.5383529663086
73.5153579711914
142.70742797851562
111.20475769042969
240.3525848388672
104.52395629882812
222.87237548828125
69.76512145996094
161.20150756835938
45.03559112548828
45.03559112548828
45.03559112548828
139.21681213378906
139.21681213378906
80.527099609375
80.527099609375
87.37745666503906
96.98524475097656
78.97265625
192.8663330078125
91.35842895507812
128.4551239013672
84.06746673583984
113.91374206542969
72.38011169433594
116.78752899169922
26.696678161621094
129.36277770996094
42.25199890136719
182.03826904296875
145.96556091308594
101.67171478271484
129.6676788330078
137.4190673828125
43.141937255859375
43.141937255859375
117.53221130371094
43.294700622558594
107.66029357910156
52.97863006591797
107.76484680175781
88.00088500976562
77.25178527832031
63.70539093017578
122.49794006347656
60.08113098144531
93.19830322265625
93.19830322265625
62.477088928222656
96.15510559082031
56.33834457397461
73.16084289550781
73.16084289550781
87.17665100097656
80.41523742675781
82.34323120117188
113.28288269042969
89.40927124023438
63.940887451171875
98.78782653808594
200.31793212890625
108.97108459472656
178.08255004882812
163.81211853027344
86.9653549194336
268.5675964355469
268.5675964355469
48.898193359375
151.73355102539062
179.1905517578125
65.29967498779297
97.87603759765625
78.00100708007812
89.19140625
60.87674331665039
85.43688201904297
85.43688201904297
69.71170043945312
83.66632843017578
83.66632843017578
106.16752624511719
106.16752624511719
105.25222778320312
105.25222778320312
105.25222778320312
68.65072631835938
94.18792724609375
70.73768615722656
94.76875305175781
94.76875305175781
94.13439178466797
55.558616638183594
78.69029235839844
78.69029235839844
85.61814880371094
90.71672058105469
84.66096496582031
63.28046417236328
96.2510986328125
73.60333251953125
93.43196105957031
66.39960479736328
96.10972595214844
59.25596618652344
108.14554595947266
61.766117095947266
84.84503173828125
62.96454620361328
87.38006591796875
75.61637115478516
73.76944732666016
91.587646484375
147.16184997558594
68.18124389648438
80.59811401367188
80.5082015991211
65.84486389160156
80.64954376220703
80.64954376220703
56.827415466308594
56.827415466308594
75.59988403320312
61.879066467285156
61.879066467285156
90.85302734375
79.50949096679688
128.0157012939453
70.14007568359375
70.14007568359375
88.57859802246094
60.61375427246094
76.21208190917969
78.08802795410156
78.37440490722656
78.37440490722656
43.674163818359375
108.34324645996094
52.375709533691406
100.35460662841797
100.35460662841797
68.77310943603516
97.15673828125
40.10151672363281
93.84585571289062
61.239418029785156
72.14088439941406
82.35721588134766
88.24618530273438
61.94831085205078
72.06697845458984
91.14236450195312
58.16093444824219
87.05101013183594
57.57848358154297
89.46543884277344
73.89035034179688
55.04250717163086
91.44292449951172
64.7994613647461
88.34966278076172
94.0096435546875
96.40628051757812
125.10316467285156
62.02555847167969
88.9189453125
76.04229736328125
78.89213562011719
106.30374145507812
107.59927368164062
103.72074890136719
43.99700164794922
113.6434326171875
65.76571655273438
65.76571655273438
61.418067932128906
86.33219909667969
86.33219909667969
77.68650817871094
64.99253845214844
64.74276733398438
79.2418212890625
56.411705017089844
71.97096252441406
69.22410583496094
71.53562927246094
80.98068237304688
80.98068237304688
89.92933654785156
70.30207824707031
71.26260375976562
80.22457122802734
59.32127380371094
75.29824829101562
61.31871032714844
70.69059753417969
63.93263626098633
66.50399017333984
106.61598205566406
80.72647857666016
98.23785400390625
48.01883316040039
89.55439758300781
88.61566162109375
83.07843017578125
83.07843017578125
58.061012268066406
97.61283874511719
81.11842346191406
46.660255432128906
119.31884002685547
119.31884002685547
85.8524169921875
66.73714447021484
111.60389709472656
59.53896713256836
76.05503845214844
60.812835693359375
75.47015380859375
64.60044860839844
52.139976501464844
89.85311126708984
61.08856964111328
82.1409912109375
55.4014778137207
87.455810546875
54.49828338623047
47.2029914855957
94.62467956542969
60.88272476196289
88.92179870605469
77.15312957763672
71.24095153808594
74.32755279541016
58.166481018066406
107.30167388916016
66.3682861328125
75.12799072265625
79.35389709472656
75.05729675292969
75.05729675292969
52.56195831298828
52.56195831298828
71.44319152832031
57.73359680175781
72.88706970214844
72.24960327148438
82.61442565917969
71.43634033203125
95.06202697753906
107.89398956298828
84.476318359375
87.34574890136719
76.96435546875
86.76024627685547
60.9759635925293
68.76219940185547
90.17073059082031
72.30583190917969
72.30583190917969
89.35508728027344
48.994293212890625
141.09629821777344
83.03996276855469
74.38346862792969
91.49066925048828
97.84397888183594
67.12432098388672
74.05094909667969
95.04862976074219
95.36453247070312
99.95066833496094
145.89918518066406
184.43934631347656
35.31048583984375
132.42987060546875
132.42987060546875
54.59960174560547
60.4676628112793
115.94667053222656
65.50947570800781
93.2587890625
160.39247131347656
-9.782999992370605
260.5306701660156
13.161884307861328
224.30328369140625
-48.24740219116211
246.51712036132812
230.3087158203125
19.800182342529297
150.87985229492188
46.29677963256836
154.44107055664062
154.44107055664062
117.76390075683594
79.27770233154297
107.14741516113281
95.78712463378906
41.00782012939453
82.6892318725586
92.12631225585938
91.5982666015625
72.77092742919922
101.01947021484375
101.01947021484375
85.70170593261719
91.80624389648438
90.30569458007812
89.80233764648438
82.7782211303711
79.32801818847656
71.85415649414062
67.46788024902344
70.45281982421875
72.25554656982422
72.25554656982422
66.7228012084961
82.3411865234375
81.93644714355469
108.33512878417969
63.58421325683594
101.54646301269531
65.19770050048828
65.19770050048828
159.14300537109375
97.43563842773438
97.43563842773438
115.16287231445312
126.81428527832031
70.11215209960938
104.80976867675781
91.19429016113281
86.52196502685547
180.98370361328125
74.32745361328125
161.07192993164062
96.76506042480469
152.1063690185547
75.6126708984375
115.06175994873047
61.324764251708984
190.04226684570312
59.99345016479492
103.5687255859375
105.51119995117188
110.67988586425781
42.38556671142578
120.62081146240234
92.26679229736328
92.26679229736328
57.3057746887207
140.93386840820312
156.32351684570312
54.007930755615234
54.007930755615234
125.7274169921875
125.7274169921875
96.70773315429688
126.55247497558594
111.19322204589844
111.19322204589844
189.7545623779297
45.43596649169922
259.2547912597656
68.92369079589844
68.92369079589844
128.28269958496094
158.76795959472656
20.980180740356445
222.4192352294922
126.82621765136719
122.79684448242188
146.4336700439453
115.89059448242188
164.13284301757812
115.90425872802734
81.04229736328125
207.1415252685547
35.61796951293945
92.98580169677734
141.00802612304688
79.56675720214844
113.69390106201172
119.10841369628906
34.20590591430664
34.20590591430664
132.50613403320312
62.377540588378906
116.69149780273438
86.78390502929688
86.78390502929688
91.46055603027344
114.73444366455078
46.5377082824707
96.0519027709961
41.006858825683594
105.72120666503906
60.29241943359375
78.91180419921875
135.8936004638672
31.391368865966797
120.75714111328125
121.7314453125
103.43489074707031
190.66510009765625
73.58708190917969
150.99859619140625
26.815414428710938
106.15865325927734
191.19921875
47.03627014160156
198.5948944091797
198.5948944091797
40.57841491699219
153.73277282714844
153.73277282714844
20.950002670288086
129.79690551757812
103.93617248535156
103.35679626464844
89.06339263916016
108.8833999633789
115.90626525878906
102.24989318847656
114.7855453491211
65.64996337890625
159.6670379638672
64.8043212890625
106.91356658935547
63.26854705810547
208.40452575683594
22.23040199279785
168.0877685546875
31.85993003845215
152.0089874267578
52.735107421875
111.34811401367188
79.78662872314453
127.18476104736328
84.7147216796875
115.9094467163086
62.4434700012207
62.4434700012207
123.07595825195312
69.47183227539062
260.10809326171875
66.37591552734375
94.34222412109375
94.34222412109375
124.81576538085938
47.210296630859375
94.54924011230469
89.29998779296875
115.34942626953125
70.50785064697266
106.4677734375
70.47683715820312
122.57669830322266
56.251529693603516
109.488525390625
81.75992584228516
165.50613403320312
54.82306671142578
115.62577819824219
115.62577819824219
58.766422271728516
92.86647033691406
135.72662353515625
119.49036407470703
88.71640014648438
161.19061279296875
96.98928833007812
67.79342651367188
130.85488891601562
315.513671875
109.80455017089844
115.63460540771484
115.63460540771484
338.5289001464844
102.90962219238281
191.025390625
79.78363037109375
108.37699890136719
165.52102661132812
107.26524353027344
100.00971221923828
81.4073486328125
177.33975219726562
80.18049621582031
242.62615966796875
119.08769989013672
222.01397705078125
84.38446044921875
328.6456298828125
328.6456298828125
91.67585754394531
223.894287109375
151.7352294921875
100.94905090332031
78.44000244140625
193.73248291015625
64.91984558105469
133.32528686523438
177.7593231201172
97.41445922851562
179.0545654296875
70.99107360839844
89.82495880126953
140.46307373046875
52.783226013183594
196.5598602294922
88.41368103027344
154.2507781982422
113.70252227783203
131.04888916015625
131.04888916015625
45.576805114746094
153.61709594726562
29.287216186523438
29.287216186523438
29.287216186523438
121.24702453613281
101.11299896240234
97.12934875488281
73.61566162109375
117.4675521850586
119.12027740478516
76.12637329101562
115.77186584472656
115.77186584472656
68.451171875
103.61598205566406
111.61922454833984
135.49017333984375
82.34963989257812
126.31257629394531
82.71465301513672
81.48298645019531
81.48298645019531
77.21580505371094
102.8431396484375
92.59768676757812
59.49855041503906
124.21775817871094
52.09492492675781
42.57408905029297
108.43486022949219
64.4164047241211
74.59801483154297
91.54376220703125
63.39946365356445
92.03970336914062
75.77009582519531
94.55314636230469
55.38469696044922
93.21744537353516
66.44911193847656
66.44911193847656
56.42603302001953
170.2216033935547
28.176237106323242
96.84051513671875
100.35257720947266
28.501216888427734
163.51715087890625
34.76054382324219
150.00242614746094
41.26362991333008
41.26362991333008
111.8349838256836
59.69539260864258
53.82635498046875
95.59800720214844
49.81976318359375
90.7470703125
77.22793579101562
73.35585021972656
70.98978424072266
77.15892791748047
77.15892791748047
74.09733581542969
67.87994384765625
70.144287109375
151.06097412109375
103.17312622070312
99.99531555175781
120.88943481445312
57.41706848144531
105.23883819580078
74.20657348632812
149.99710083007812
55.07981872558594
112.7256088256836
47.58628463745117
47.58628463745117
59.50634002685547
66.39359283447266
58.836204528808594
413.27508544921875
67.56533813476562
356.4854736328125
65.42091369628906
93.66167449951172
368.4315185546875
71.18557739257812
178.08364868164062
178.08364868164062
90.04229736328125
90.04229736328125
288.10467529296875
104.51542663574219
306.2789306640625
299.40985107421875
91.88462829589844
138.16006469726562
138.16006469726562
138.16006469726562
117.61021423339844
167.5684356689453
98.19833374023438
301.05609130859375
61.164093017578125
195.5206298828125
120.47039794921875
120.47039794921875
231.803466796875
53.70646667480469
113.20516967773438
140.18023681640625
72.08927917480469
119.4547348022461
112.5848388671875
169.33961486816406
77.44397735595703
154.47935485839844
154.47935485839844
172.11953735351562
93.52073669433594
62.12196350097656
62.12196350097656
215.04071044921875
68.97148132324219
126.14990234375
128.02777099609375
150.16390991210938
48.360084533691406
115.91836547851562
104.92657470703125
124.86903381347656
124.86903381347656
60.161895751953125
97.95329284667969
102.90770721435547
72.83455657958984
72.83455657958984
70.15017700195312
79.71115112304688
76.89466094970703
33.472511291503906
84.22938537597656
122.28324890136719
79.04209899902344
38.54961395263672
56.64259338378906
101.706787109375
72.79801940917969
209.95358276367188
232.5480194091797
52.31243133544922
81.67402648925781
199.1022186279297
92.52436828613281
88.03688049316406
57.11891174316406
57.11891174316406
81.09263610839844
85.4727554321289
139.64175415039062
68.68013000488281
64.96157836914062
114.26753997802734
160.85635375976562
53.517433166503906
68.97769165039062
28.211185455322266
233.31985473632812
107.71047973632812
155.40174865722656
191.07040405273438
213.45974731445312
213.45974731445312
200.5600128173828
139.1518096923828
93.30006408691406
148.82748413085938
152.46725463867188
15.279047012329102
207.489501953125
207.489501953125
87.08963012695312
110.77275085449219
195.35507202148438
157.11004638671875
118.1025390625
109.57595825195312
117.19189453125
117.19189453125
97.1356201171875
236.80050659179688
118.11349487304688
21.24439811706543
176.9699249267578
176.9699249267578
139.8916473388672
111.29032897949219
111.29032897949219
60.289276123046875
131.9016876220703
352.80419921875
32.66025161743164
108.45758056640625
160.5700225830078
92.19515228271484
131.478759765625
318.99755859375
204.25827026367188
46.072898864746094
97.72978973388672
69.00386047363281
313.5587158203125
801.80859375
14.836166381835938
177.64395141601562
932.720458984375
45.500492095947266
813.2176513671875
74.83259582519531
45.491153717041016
434.561279296875
434.561279296875
97.05517578125
212.5835723876953
103.1418685913086
103.1418685913086
126.7620620727539
126.7620620727539
126.7620620727539
42.11894989013672
214.44790649414062
214.44790649414062
118.65068817138672
98.0286865234375
118.02576446533203
110.32582092285156
55.97582244873047
82.2199478149414
110.05397033691406
79.87944793701172
78.06609344482422
104.11170959472656
95.36327362060547
75.72061157226562
67.57872009277344
98.43870544433594
82.08161163330078
69.9331283569336
72.03607940673828
81.42906951904297
84.28013610839844
46.95611572265625
46.95611572265625
88.90376281738281
106.17205810546875
106.17205810546875
67.70002746582031
62.66387939453125
89.24198913574219
89.91241455078125
65.93809509277344
65.93809509277344
70.01921081542969
39.716392517089844
127.04894256591797
102.38017272949219
72.38909912109375
88.89262390136719
103.05970001220703
64.34661865234375
50.607635498046875
60.533058166503906
49.24545669555664
49.24545669555664
49.24545669555664
59.33780288696289
126.98021697998047
342.424560546875
99.74763488769531
99.74763488769531
53.71802520751953
207.17184448242188
82.03660583496094
62.809715270996094
22.18157196044922
543.10595703125
24.162830352783203
266.19580078125
78.35533142089844
21.999984741210938
657.5173950195312
85.14195251464844
129.83462524414062
471.4350280761719
471.4350280761719
32.00156021118164
248.1871795654297
99.33869171142578
23.374670028686523
955.4344482421875
58.68840789794922
190.49256896972656
282.047119140625
208.315185546875
