104.95915222167969
125.94772338867188
108.85511016845703
93.20767211914062
84.68135833740234
80.82583618164062
80.11359405517578
82.697021484375
84.08004760742188
81.88948059082031
79.5682373046875
76.3602294921875
75.222900390625
74.13134765625
71.38359069824219
71.55817413330078
69.28907775878906
68.56510925292969
68.45167541503906
68.45167541503906
68.45167541503906
68.48324584960938
67.17057037353516
67.59432983398438
66.64149475097656
66.93559265136719
66.30325317382812
66.30325317382812
66.30325317382812
65.4110107421875
63.40196990966797
63.306121826171875
63.832733154296875
63.300453186035156
63.89630126953125
63.13397216796875
63.13397216796875
62.316566467285156
62.182552337646484
61.51380920410156
60.746612548828125
61.32831573486328
60.38138198852539
59.79222106933594
60.22612380981445
59.13867950439453
58.435821533203125
58.964683532714844
59.151580810546875
59.06312942504883
57.71556091308594
57.969017028808594
58.65892028808594
58.3718147277832
57.17074966430664
57.17074966430664
57.599365234375
56.9520263671875
57.25548553466797
57.71799087524414
56.46765899658203
55.87468719482422
56.33831024169922
55.792030334472656
55.30284118652344
56.079681396484375
55.459224700927734
55.64687728881836
55.803001403808594
55.706268310546875
55.61360168457031
55.43743133544922
55.34197998046875
55.055824279785156
54.8666877746582
55.560302734375
55.76014709472656
54.872535705566406
54.486854553222656
54.129310607910156
55.485958099365234
54.71112060546875
53.78883361816406
54.371551513671875
54.371551513671875
54.9749870300293
55.088924407958984
54.232486724853516
54.232486724853516
53.47819900512695
53.85777282714844
53.666770935058594
53.58610534667969
53.16493225097656
51.95171356201172
52.875404357910156
52.93467712402344
51.83208465576172
52.895626068115234
51.96291732788086
52.967247009277344
52.86248779296875
53.44789123535156
52.69831085205078
52.38555908203125
52.80463409423828
52.077781677246094
52.077781677246094
53.04120635986328
53.45868682861328
52.972862243652344
52.43171310424805
52.60650634765625
53.52180480957031
53.52180480957031
53.15003967285156
52.32814407348633
51.96204376220703
51.86241149902344
52.42713928222656
52.34822082519531
52.34822082519531
52.063323974609375
52.50556182861328
52.42220687866211
52.68928909301758
52.643043518066406
53.27290344238281
53.444580078125
52.59770584106445
52.29874038696289
51.86939239501953
52.58814239501953
52.914772033691406
52.495941162109375
51.58934783935547
51.58934783935547
52.284690856933594
51.7161865234375
51.238258361816406
52.549964904785156
52.52359390258789
51.418609619140625
51.75139617919922
52.682289123535156
51.6011848449707
52.638328552246094
50.87770080566406
50.87770080566406
51.94595718383789
51.4652214050293
51.25556182861328
52.339637756347656
51.377952575683594
51.7708854675293
52.0162353515625
52.045005798339844
52.514984130859375
52.44139862060547
51.53699493408203
51.072784423828125
51.55600357055664
52.18428039550781
50.84983444213867
51.055938720703125
50.03144073486328
50.9101448059082
51.857810974121094
51.67010498046875
51.43411636352539
51.735633850097656
52.81949234008789
51.70622253417969
51.9364013671875
50.94402313232422
51.48099899291992
51.298194885253906
50.9964599609375
51.2760009765625
51.109588623046875
51.50273132324219
52.226905822753906
51.21136474609375
49.96564483642578
51.87138748168945
51.26585388183594
52.091426849365234
50.955039978027344
50.71967697143555
51.662384033203125
51.81192398071289
51.81192398071289
51.152587890625
51.090389251708984
51.80412673950195
51.49144744873047
51.40878677368164
51.40878677368164
51.74906921386719
51.74906921386719
51.399688720703125
51.90773391723633
51.604713439941406
51.918067932128906
51.446353912353516
52.12510681152344
51.42668914794922
51.47098159790039
51.47098159790039
50.47509765625
51.714839935302734
51.714839935302734
51.3387451171875
51.00535202026367
51.232872009277344
50.663021087646484
50.910972595214844
50.45880889892578
50.45880889892578
50.25621795654297
51.773441314697266
50.37942886352539
50.207908630371094
50.88657760620117
50.37540054321289
50.58039855957031
50.90272521972656
51.595680236816406
50.44255828857422
50.641082763671875
50.639976501464844
51.47351837158203
51.47351837158203
51.082828521728516
50.3892822265625
50.86455535888672
50.86455535888672
50.86455535888672
51.17005920410156
50.30496597290039
51.05712890625
51.305728912353516
50.325069427490234
50.996864318847656
51.13803482055664
50.420989990234375
50.420989990234375
50.99635314941406
51.00060272216797
51.63124084472656
50.642601013183594
50.380157470703125
50.49108123779297
51.174964904785156
49.32712936401367
49.677303314208984
49.430992126464844
49.430992126464844
50.048492431640625
49.748504638671875
49.748504638671875
49.93922424316406
50.64775848388672
51.60797882080078
51.048973083496094
51.020591735839844
51.27073669433594
50.519752502441406
50.84429168701172
50.963008880615234
50.53376388549805
50.745582580566406
50.85460662841797
51.132625579833984
49.81586456298828
50.24298095703125
50.24298095703125
50.540733337402344
50.38310623168945
50.870849609375
50.189083099365234
50.5399169921875
51.66245651245117
50.214271545410156
51.13030242919922
50.041507720947266
50.041507720947266
50.24125671386719
50.59130096435547
50.5643196105957
50.457706451416016
50.573089599609375
51.05359649658203
50.78337860107422
50.443458557128906
50.18788146972656
50.200321197509766
50.67585754394531
50.47650146484375
50.19227600097656
50.51875305175781
50.808807373046875
50.546974182128906
49.80226135253906
50.45960235595703
50.04684066772461
50.56620788574219
50.45109558105469
50.245811462402344
50.59266662597656
49.784278869628906
50.01329040527344
49.74171447753906
50.013336181640625
50.013336181640625
50.29866027832031
50.16545867919922
50.32988739013672
50.170166015625
49.84016799926758
48.67534637451172
49.403778076171875
49.64667510986328
49.08483123779297
49.08483123779297
48.91530990600586
48.98286437988281
49.57227325439453
49.0318603515625
49.895572662353516
50.18674087524414
48.76988983154297
49.93841552734375
49.766632080078125
49.66954040527344
49.36723327636719
49.800201416015625
48.2812385559082
49.58563995361328
49.58563995361328
49.145904541015625
49.145904541015625
48.88299560546875
48.88299560546875
48.88299560546875
49.99346923828125
49.99346923828125
49.54994201660156
49.00360870361328
48.69269561767578
48.898109436035156
48.898109436035156
49.18337631225586
49.95795440673828
49.901493072509766
49.030731201171875
49.942596435546875
49.545310974121094
50.27814865112305
49.86294937133789
49.681480407714844
49.681480407714844
49.82768249511719
49.82768249511719
50.077003479003906
50.02629089355469
49.715457916259766
49.68300247192383
48.85521697998047
49.66085433959961
49.57141876220703
50.83946990966797
50.85639572143555
50.15122985839844
50.15122985839844
50.407840728759766
50.71421432495117
50.756690979003906
50.11644744873047
50.556739807128906
49.56749725341797
50.16248321533203
50.17597198486328
49.39934158325195
50.257755279541016
49.943260192871094
49.00353240966797
50.11505889892578
50.11505889892578
50.09856414794922
49.73131561279297
49.265159606933594
49.56122589111328
49.739830017089844
49.68915557861328
49.629032135009766
49.531211853027344
49.151676177978516
50.172698974609375
49.89006042480469
49.823341369628906
49.56298828125
49.72946548461914
49.20165252685547
49.758277893066406
50.06652069091797
50.06652069091797
49.555267333984375
49.631961822509766
48.900028228759766
48.900028228759766
48.900028228759766
49.33079528808594
49.347694396972656
49.72935485839844
49.41120147705078
49.41120147705078
49.758243560791016
49.46376037597656
49.64459228515625
49.12479019165039
48.71038055419922
49.80292510986328
50.05973815917969
50.14989471435547
49.87272644042969
49.87272644042969
48.995384216308594
50.421409606933594
49.81814193725586
48.50535583496094
49.32228088378906
49.56147384643555
50.231048583984375
50.231048583984375
50.18712615966797
50.18712615966797
49.3365364074707
49.493961334228516
49.355560302734375
49.355560302734375
50.026947021484375
48.40290451049805
48.6773796081543
48.886295318603516
49.15406799316406
48.98912811279297
48.567405700683594
48.371456146240234
49.02094268798828
49.02094268798828
48.77466583251953
49.43544387817383
48.78927230834961
49.70283889770508
49.09384536743164
49.3871955871582
49.04103088378906
48.244598388671875
48.244598388671875
48.434913635253906
49.435020446777344
47.94477844238281
48.42664337158203
48.64304733276367
48.78602600097656
48.25784683227539
48.531768798828125
48.194637298583984
48.771156311035156
48.01994323730469
48.5010871887207
49.19911193847656
48.743072509765625
48.909393310546875
48.652034759521484
48.466304779052734
48.59174346923828
48.69139099121094
49.59998321533203
48.882320404052734
48.882320404052734
48.75605773925781
48.75605773925781
48.43357467651367
48.07746505737305
49.21562194824219
48.53594970703125
48.33882141113281
48.460060119628906
49.1484260559082
48.70065689086914
49.480247497558594
48.781089782714844
48.554622650146484
48.53547668457031
49.253082275390625
48.476287841796875
48.523582458496094
49.141502380371094
48.85569381713867
48.4082145690918
47.867462158203125
48.3539924621582
48.90986251831055
48.48567581176758
49.28467559814453
48.41875076293945
49.089866638183594
49.02423095703125
48.88047790527344
48.94446563720703
49.7286376953125
48.59379196166992
49.268775939941406
49.16402053833008
49.74761199951172
48.79643249511719
49.61788558959961
49.20883560180664
49.47317886352539
48.596946716308594
49.44643783569336
48.702430725097656
49.044273376464844
49.80438232421875
50.11952209472656
49.729461669921875
49.45689392089844
49.42505645751953
49.29077911376953
49.29077911376953
49.077491760253906
49.5830078125
49.5830078125
49.3608283996582
49.91749572753906
49.91749572753906
49.32193374633789
49.15856170654297
49.75925064086914
49.86515808105469
49.89051055908203
48.925628662109375
48.4637451171875
48.4637451171875
48.7535400390625
49.87791442871094
48.959877014160156
48.417327880859375
49.08195495605469
49.4873161315918
50.21137619018555
50.21137619018555
49.70234680175781
48.79728698730469
49.427425384521484
49.203304290771484
49.37806701660156
49.27770233154297
49.28681182861328
49.474525451660156
49.72010040283203
49.83207702636719
49.40550231933594
49.40550231933594
49.27239990234375
50.165863037109375
50.58036422729492
50.656558990478516
49.8795280456543
50.36391067504883
50.36391067504883
50.915767669677734
50.35747146606445
50.40842056274414
50.40842056274414
49.621219635009766
50.24040985107422
50.87774658203125
50.219024658203125
49.893699645996094
49.52571105957031
50.05668640136719
49.699554443359375
49.699554443359375
50.291107177734375
49.48466110229492
50.326534271240234
50.01536560058594
49.96116638183594
49.476844787597656
50.207786560058594
50.207786560058594
50.23672866821289
49.486083984375
49.915687561035156
48.96550750732422
49.70737838745117
49.561954498291016
50.2503662109375
49.68235778808594
49.6890983581543
49.76371765136719
48.97050476074219
50.01115798950195
49.72975158691406
49.83264923095703
49.35097122192383
49.19202423095703
49.66034698486328
49.58003234863281
49.192813873291016
49.68170166015625
49.565582275390625
50.07863235473633
50.07863235473633
49.68136215209961
49.388343811035156
50.22142028808594
49.61660385131836
50.3568115234375
50.3568115234375
50.66800308227539
50.12519073486328
50.12519073486328
50.158935546875
50.80278396606445
50.80143737792969
50.333641052246094
49.78179931640625
49.47113037109375
50.41822052001953
50.660911560058594
50.78483963012695
50.320152282714844
49.851783752441406
49.249603271484375
49.70198440551758
49.58421325683594
49.30194091796875
49.68190002441406
49.953407287597656
49.21906280517578
49.45726776123047
49.690948486328125
49.65730285644531
50.6798210144043
49.913753509521484
50.152217864990234
50.152217864990234
50.152217864990234
50.161842346191406
49.8216438293457
49.60735321044922
49.749427795410156
49.34009552001953
49.55427932739258
49.53533172607422
49.96719741821289
49.35357666015625
48.89134979248047
49.49005889892578
48.98008728027344
48.754241943359375
49.81060791015625
49.85770797729492
49.853843688964844
50.04553985595703
50.04553985595703
49.31974792480469
49.807830810546875
49.296024322509766
48.630741119384766
49.56425476074219
49.35139846801758
48.80946350097656
49.27969741821289
48.962860107421875
48.47873306274414
49.6043815612793
49.48686599731445
50.164710998535156
48.90460968017578
49.32945251464844
49.71466827392578
49.50588607788086
49.74897766113281
49.74897766113281
49.539947509765625
48.99041748046875
48.88117599487305
48.88117599487305
48.88117599487305
49.74790573120117
48.756439208984375
49.36988067626953
48.96368408203125
49.251747131347656
49.421424865722656
48.844581604003906
49.786251068115234
48.893402099609375
49.23411178588867
48.62586975097656
48.62586975097656
48.19413375854492
48.61090087890625
48.352291107177734
48.79804992675781
48.810638427734375
49.09291458129883
49.188682556152344
49.188682556152344
49.188682556152344
49.188682556152344
48.93389129638672
48.14152526855469
48.01026916503906
48.75379943847656
49.498939514160156
49.47235870361328
49.6948356628418
48.01141357421875
48.034217834472656
48.70970153808594
48.713462829589844
49.24555206298828
48.816566467285156
48.49237823486328
49.48332977294922
48.756591796875
48.964630126953125
48.956764221191406
48.85626220703125
48.85626220703125
48.66361999511719
49.23406982421875
48.50178146362305
49.01412582397461
48.71009063720703
48.91442108154297
49.05751419067383
49.27893829345703
48.74075698852539
49.27573776245117
49.536903381347656
49.49627685546875
48.5182991027832
48.61566162109375
49.44377136230469
48.881126403808594
49.31575012207031
48.81857681274414
49.562774658203125
49.10173797607422
48.729434967041016
48.54119110107422
49.31201171875
49.25817108154297
48.91312789916992
48.37544250488281
49.06373596191406
49.267539978027344
49.267539978027344
49.03913116455078
48.806175231933594
48.612083435058594
48.7508430480957
48.42425537109375
48.86712646484375
48.37659454345703
49.119503021240234
48.36030960083008
48.479183197021484
49.2669677734375
49.124603271484375
48.20782470703125
48.86647415161133
49.71294403076172
48.894805908203125
49.23545837402344
48.691707611083984
48.51434326171875
48.51434326171875
49.29522705078125
49.27693176269531
48.690223693847656
49.06614685058594
48.860504150390625
48.39008712768555
48.36971664428711
48.96260070800781
47.530113220214844
48.37061309814453
47.60103988647461
48.501487731933594
48.501487731933594
48.688228607177734
47.9117546081543
49.36321258544922
48.634033203125
48.37545394897461
48.37545394897461
48.37545394897461
48.680816650390625
48.15715789794922
48.74956512451172
49.12501907348633
48.03072738647461
48.472572326660156
48.599327087402344
48.100440979003906
48.504150390625
48.89276885986328
48.19377517700195
48.19377517700195
47.50726318359375
48.225830078125
48.61225891113281
48.46269989013672
47.880271911621094
48.07448196411133
48.45281982421875
48.04111862182617
47.6349983215332
47.54798889160156
47.06492614746094
47.06492614746094
48.09375762939453
48.624000549316406
48.243812561035156
48.22866439819336
48.305503845214844
48.305503845214844
47.877357482910156
47.924373626708984
48.66150665283203
49.01517105102539
49.01517105102539
48.83132553100586
49.289695739746094
48.65352249145508
48.68891906738281
49.465232849121094
48.9007453918457
48.9007453918457
49.1783447265625
48.08203887939453
49.40876770019531
49.41181945800781
49.24169158935547
48.986907958984375
49.333045959472656
48.878196716308594
49.45423889160156
50.056365966796875
50.056365966796875
49.70616149902344
49.804290771484375
49.20277404785156
49.755653381347656
49.88208770751953
49.691184997558594
49.96063232421875
49.93605041503906
49.36299133300781
49.35133361816406
49.51397705078125
48.803016662597656
49.756370544433594
48.541831970214844
49.38176345825195
49.50543212890625
49.63934326171875
49.75116729736328
49.00035858154297
49.71477508544922
49.9029541015625
49.424407958984375
49.46234130859375
49.724517822265625
49.16767120361328
48.8746337890625
49.24202346801758
49.24202346801758
48.53226852416992
49.08147048950195
49.073429107666016
48.78816223144531
49.31871032714844
49.257713317871094
49.000850677490234
49.25996017456055
50.00080108642578
50.00080108642578
50.11860275268555
50.26762390136719
50.35835266113281
49.38920593261719
49.30239486694336
49.01439666748047
48.499778747558594
48.31369400024414
49.60223388671875
49.60223388671875
49.097206115722656
48.65290069580078
48.65290069580078
49.764686584472656
49.316261291503906
48.608253479003906
49.886924743652344
49.966678619384766
48.14813232421875
49.19071960449219
48.529388427734375
49.475276947021484
49.475276947021484
48.28190994262695
48.43902587890625
48.89719772338867
49.25105285644531
48.45667266845703
48.96526336669922
48.973793029785156
48.73991394042969
48.73991394042969
48.65909194946289
48.65909194946289
49.43226623535156
48.92900466918945
48.81285095214844
48.92109680175781
48.71258544921875
48.489585876464844
47.65236282348633
47.996952056884766
48.305328369140625
48.10401916503906
48.01213073730469
48.53333282470703
48.61952590942383
48.17236328125
48.50654983520508
48.40977478027344
47.962154388427734
47.81140899658203
48.339813232421875
48.85231018066406
48.23312759399414
48.392005920410156
47.69257354736328
48.23644256591797
48.46214294433594
48.46214294433594
48.42978286743164
48.692466735839844
48.54214859008789
48.54214859008789
48.221435546875
48.627197265625
48.91605758666992
47.84296798706055
48.194091796875
48.147056579589844
48.29676818847656
48.34671401977539
47.521888732910156
48.61339569091797
47.75602722167969
48.1534538269043
47.63988494873047
48.52200698852539
49.162086486816406
48.96246337890625
48.39375686645508
48.021175384521484
48.53253173828125
48.53253173828125
48.32237243652344
48.104942321777344
48.92946243286133
48.92946243286133
48.48605728149414
48.34297180175781
48.56040954589844
48.82406234741211
48.82406234741211
48.15742492675781
48.52649688720703
48.4611701965332
48.06480407714844
48.189979553222656
47.82843780517578
47.82843780517578
48.29468536376953
48.23960876464844
48.25307083129883
47.908294677734375
47.92910385131836
47.53997802734375
47.744964599609375
47.644283294677734
48.154869079589844
48.412078857421875
47.95172119140625
48.10338592529297
48.22724533081055
47.98023986816406
47.98023986816406
48.39662551879883
48.265968322753906
48.11805725097656
47.88130569458008
48.05989074707031
47.832401275634766
48.679508209228516
48.679508209228516
48.35350036621094
48.72161865234375
48.72161865234375
48.46446990966797
48.662437438964844
48.68877410888672
47.921234130859375
48.03409957885742
48.220096588134766
47.689369201660156
47.98386764526367
47.74311828613281
47.74311828613281
47.74311828613281
47.80259704589844
47.80259704589844
46.601959228515625
48.46746826171875
47.523193359375
47.22946548461914
47.621131896972656
47.597572326660156
47.65394592285156
47.81725311279297
47.65201950073242
48.12427520751953
47.63359451293945
48.73678970336914
48.52707290649414
48.610084533691406
48.910221099853516
48.71855545043945
48.72338104248047
48.95389175415039
48.848751068115234
48.67049789428711
48.82843780517578
47.52086639404297
48.405006408691406
48.405006408691406
48.405006408691406
48.2507209777832
47.96860885620117
47.86463928222656
48.070159912109375
48.64651107788086
47.67701721191406
47.810028076171875
47.991798400878906
47.964752197265625
48.21133041381836
48.48680114746094
47.77751159667969
47.486759185791016
48.12776184082031
48.12776184082031
47.56209945678711
48.319969177246094
48.513397216796875
47.81232833862305
47.50831604003906
48.308162689208984
48.02661895751953
47.99842071533203
48.261287689208984
47.89183807373047
48.00659942626953
48.14231872558594
48.53228759765625
47.266357421875
47.266357421875
47.65022277832031
47.67433166503906
48.28018569946289
48.06161880493164
48.34046173095703
48.919639587402344
48.919639587402344
48.919639587402344
47.63868713378906
48.00381088256836
47.6889533996582
47.6889533996582
47.692962646484375
48.082550048828125
48.126182556152344
48.18195343017578
48.04625701904297
48.56228256225586
48.110328674316406
47.71035385131836
48.93138122558594
47.70256805419922
47.70256805419922
48.407615661621094
48.760833740234375
47.848079681396484
47.45594024658203
48.26532745361328
48.26532745361328
48.09886932373047
48.253929138183594
47.64588928222656
47.868492126464844
47.862518310546875
47.51045227050781
47.67120361328125
46.33061981201172
47.31460952758789
47.47325134277344
47.58143615722656
47.667083740234375
47.67858123779297
47.00703430175781
47.36640167236328
48.31525802612305
48.19937515258789
47.86474609375
47.963958740234375
47.06120300292969
47.06120300292969
47.88799285888672
47.84332275390625
48.03496551513672
48.378257751464844
48.24024200439453
48.396507263183594
48.52687454223633
47.95915603637695
48.71026611328125
48.189796447753906
48.274085998535156
47.229713439941406
48.07636260986328
47.97327423095703
48.467376708984375
48.54959487915039
48.57658386230469
48.14018630981445
48.10650634765625
48.299842834472656
48.665618896484375
48.633575439453125
48.866798400878906
48.43800735473633
49.16389083862305
48.71210861206055
48.70415496826172
48.868560791015625
48.868560791015625
48.55903244018555
48.15386199951172
48.21327209472656
48.37321472167969
46.993141174316406
48.24589538574219
48.216121673583984
48.03981018066406
47.364654541015625
47.689334869384766
48.39963150024414
47.82678985595703
47.82678985595703
47.18107986450195
46.908897399902344
47.81435012817383
47.825931549072266
47.358524322509766
48.24366760253906
47.60368347167969
47.33502197265625
47.98394012451172
48.013275146484375
47.49848937988281
47.687469482421875
47.52188491821289
47.52188491821289
47.678382873535156
48.11682891845703
47.36637496948242
47.9407958984375
47.2326545715332
47.3490104675293
47.70553207397461
47.009521484375
47.692138671875
46.61457061767578
47.436676025390625
47.03055191040039
47.512115478515625
47.33472442626953
46.77733612060547
47.05522155761719
46.994476318359375
47.306854248046875
47.32810974121094
46.95857238769531
47.59859848022461
47.122352600097656
47.24236297607422
47.17494201660156
47.33610534667969
47.743194580078125
48.144859313964844
47.616432189941406
47.79151916503906
47.87781524658203
47.87781524658203
48.53425598144531
48.400421142578125
48.400421142578125
48.31849670410156
48.718780517578125
48.70750045776367
47.302589416503906
47.791839599609375
48.37038803100586
47.558677673339844
47.93571472167969
47.81238555908203
47.68338394165039
47.85388946533203
47.81557083129883
48.27183532714844
48.04021453857422
48.58423614501953
47.84251403808594
48.6834716796875
48.02946472167969
48.121917724609375
47.821632385253906
47.95252990722656
47.99937438964844
47.82056427001953
47.26459884643555
47.84521484375
47.68137741088867
48.246482849121094
47.528175354003906
47.61538314819336
48.43000793457031
48.236881256103516
48.996482849121094
47.981964111328125
48.69734191894531
48.754817962646484
47.84626770019531
47.602561950683594
48.57598876953125
48.71223068237305
48.79835510253906
47.96653747558594
47.77424621582031
47.922000885009766
47.79914855957031
48.191890716552734
46.89243698120117
47.19017791748047
47.00794219970703
47.68204116821289
47.99762725830078
48.470726013183594
47.557491302490234
48.142547607421875
47.96534729003906
48.90074920654297
47.919307708740234
48.49349594116211
47.917110443115234
48.08067321777344
47.96233367919922
48.05356979370117
48.05356979370117
47.92583084106445
48.14915466308594
47.97837448120117
48.10795593261719
48.70555877685547
48.276695251464844
48.016700744628906
48.223289489746094
48.188636779785156
48.010948181152344
47.727630615234375
47.663814544677734
48.246456146240234
48.754173278808594
48.64155960083008
48.64155960083008
47.9690055847168
47.848533630371094
47.802188873291016
48.246768951416016
48.10738754272461
47.72703552246094
48.271484375
48.05100631713867
47.850257873535156
47.45313262939453
47.779117584228516
47.29248046875
47.4178466796875
46.76195526123047
47.918025970458984
47.929481506347656
47.99092102050781
47.77882385253906
47.665565490722656
47.84757995605469
47.288719177246094
47.288719177246094
47.61703109741211
47.071693420410156
46.73374938964844
47.651329040527344
47.651329040527344
47.045963287353516
47.53343200683594
48.069461822509766
47.14961242675781
47.10109329223633
46.824119567871094
46.824119567871094
47.01494598388672
46.90080261230469
47.15502166748047
47.056358337402344
47.33108139038086
47.403221130371094
47.432403564453125
46.560935974121094
47.48458480834961
47.244171142578125
46.599308013916016
47.69221496582031
46.55584716796875
47.262996673583984
47.235198974609375
47.09332275390625
46.73249053955078
47.346099853515625
46.4182243347168
46.220123291015625
46.13837432861328
46.48484802246094
47.61725616455078
47.61725616455078
46.79671096801758
46.24036407470703
46.489906311035156
46.655296325683594
46.649906158447266
46.61066436767578
46.474220275878906
46.26598358154297
46.791351318359375
45.99957275390625
46.74833679199219
46.416690826416016
45.87717056274414
45.67488098144531
46.04655075073242
47.00568389892578
46.473960876464844
46.41857147216797
46.84995651245117
46.64142608642578
46.779624938964844
46.31201934814453
46.31201934814453
46.31201934814453
46.60603332519531
46.467674255371094
46.18605422973633
46.591468811035156
46.511634826660156
46.49190139770508
46.58300018310547
46.30552673339844
46.509464263916016
46.428321838378906
46.16339111328125
46.19822692871094
46.226566314697266
46.315895080566406
46.75072479248047
46.72951889038086
46.087432861328125
46.06609344482422
46.396610260009766
46.68274688720703
45.969669342041016
46.40283203125
46.12096405029297
46.589134216308594
45.43038558959961
46.4103889465332
45.916419982910156
46.35737609863281
46.35737609863281
46.29057312011719
46.09651184082031
46.243629455566406
46.438026428222656
45.80018615722656
47.25325012207031
46.55427932739258
46.50887680053711
46.48960876464844
46.48960876464844
46.39788818359375
46.224632263183594
46.44247055053711
46.526695251464844
45.9589729309082
46.281883239746094
45.9228515625
46.92704391479492
46.06272888183594
46.443572998046875
46.496158599853516
45.6883544921875
46.679298400878906
45.549705505371094
45.549705505371094
46.14018630981445
46.297882080078125
47.47040939331055
47.294429779052734
47.950035095214844
46.893165588378906
46.69789123535156
47.3260498046875
46.68778610229492
47.06281661987305
47.06281661987305
47.66700744628906
46.3643798828125
46.71358871459961
47.50587844848633
46.970176696777344
47.27338409423828
46.94273376464844
46.68952178955078
46.94721221923828
47.002506256103516
46.856651306152344
46.66902160644531
46.76995086669922
47.202125549316406
46.92725372314453
46.92725372314453
47.33048629760742
46.98028564453125
46.526885986328125
46.40909194946289
46.0219612121582
46.28136444091797
46.813480377197266
47.288307189941406
47.19412612915039
47.19412612915039
46.651756286621094
46.26068115234375
47.22801208496094
47.484962463378906
46.69921875
47.542236328125
46.881195068359375
46.52827072143555
47.23890686035156
46.67243194580078
47.152313232421875
47.364444732666016
46.511295318603516
46.511295318603516
46.88690185546875
47.5098991394043
47.279720306396484
47.279720306396484
46.90106201171875
47.40085220336914
47.40085220336914
46.66814422607422
46.55209732055664
47.155128479003906
46.1834716796875
47.324684143066406
46.303070068359375
46.826416015625
46.633541107177734
46.072021484375
46.93646240234375
46.77425003051758
46.55469512939453
46.10727310180664
46.48027038574219
46.80786895751953
46.93375778198242
47.28461456298828
46.837867736816406
46.00061798095703
46.25025177001953
46.367271423339844
46.3322639465332
46.127197265625
46.06707763671875
46.26158905029297
46.35326385498047
46.15154266357422
46.15154266357422
46.15154266357422
46.26784896850586
46.01605224609375
46.2447509765625
46.126407623291016
46.108341217041016
45.725303649902344
45.715850830078125
46.61589050292969
46.058074951171875
46.45512390136719
46.394065856933594
46.88976287841797
46.53740692138672
46.74016189575195
47.00416564941406
47.240394592285156
46.88043212890625
46.30845642089844
46.964683532714844
46.82350158691406
46.83869171142578
46.953033447265625
46.89584732055664
46.66983413696289
46.85607147216797
46.83293533325195
46.579254150390625
45.89858627319336
46.47473907470703
46.47473907470703
46.72169876098633
46.305545806884766
46.41166687011719
46.39800262451172
46.973628997802734
46.973628997802734
45.721343994140625
46.54048538208008
46.617061614990234
46.70438003540039
45.998138427734375
45.998138427734375
46.48096466064453
46.48096466064453
46.48096466064453
46.48096466064453
46.615291595458984
46.79841995239258
46.54152297973633
46.926143646240234
46.322853088378906
46.53253173828125
45.93513870239258
45.97236633300781
46.27728271484375
46.28556442260742
46.265357971191406
46.670066833496094
46.670066833496094
46.670066833496094
46.862266540527344
46.613922119140625
46.367042541503906
46.594520568847656
46.68293762207031
47.02933120727539
46.42731475830078
46.46133041381836
46.02789306640625
46.371002197265625
46.28061294555664
46.73154830932617
46.1494026184082
46.358245849609375
46.726863861083984
45.86516189575195
46.23466873168945
46.70741271972656
45.78091812133789
45.78091812133789
46.27708053588867
46.27708053588867
46.34026336669922
46.42353057861328
46.77561569213867
46.177276611328125
46.21757507324219
46.87968444824219
46.67100524902344
46.097652435302734
45.7496452331543
46.22602844238281
46.87735366821289
46.35193634033203
46.04822540283203
46.04822540283203
46.61614990234375
46.33735275268555
46.28413772583008
46.8609504699707
46.660118103027344
46.660118103027344
46.98078918457031
46.798614501953125
46.9900016784668
45.99536895751953
45.90696716308594
46.08313751220703
46.233009338378906
46.4405632019043
46.4405632019043
46.56749725341797
46.14912414550781
45.69614028930664
46.249359130859375
46.19518280029297
46.19518280029297
46.66416549682617
46.184776306152344
46.63849639892578
46.049888610839844
45.78268051147461
46.04931640625
46.41081619262695
46.79534912109375
46.218833923339844
46.218833923339844
46.50822448730469
46.28923034667969
46.65814208984375
46.239532470703125
46.130470275878906
46.23130798339844
46.233341217041016
46.556358337402344
46.31319808959961
46.771385192871094
46.21110153198242
46.21110153198242
46.457061767578125
46.66471862792969
46.66471862792969
46.45379638671875
46.63080978393555
46.63080978393555
46.14388656616211
45.674217224121094
46.22275161743164
45.63996887207031
45.63996887207031
46.396026611328125
45.98176193237305
46.170204162597656
45.89214324951172
46.082305908203125
45.73330307006836
45.88774871826172
45.4620361328125
46.22023010253906
46.231910705566406
45.86622619628906
45.95723342895508
45.99125289916992
46.0989990234375
46.60517883300781
46.783939361572266
46.15809631347656
45.97313690185547
45.82085418701172
46.53843688964844
46.494606018066406
46.056549072265625
45.72210693359375
46.162357330322266
46.162357330322266
46.46653747558594
45.735435485839844
46.00043869018555
45.68583679199219
45.4530143737793
46.26930618286133
45.7855224609375
45.7855224609375
46.27682113647461
46.142791748046875
46.58860397338867
46.896392822265625
46.82050323486328
46.62400436401367
45.98139572143555
46.45808792114258
46.07498550415039
45.964107513427734
45.9278564453125
45.66057586669922
46.18922424316406
46.18922424316406
46.18922424316406
45.634315490722656
45.108272552490234
45.58049774169922
45.79791259765625
46.09672546386719
45.95184326171875
45.88651657104492
46.10639572143555
46.5084114074707
46.5084114074707
46.48711013793945
46.53826904296875
46.336307525634766
46.54013442993164
46.77661895751953
46.842071533203125
46.390296936035156
46.72760009765625
46.607418060302734
46.834739685058594
47.666465759277344
47.655067443847656
47.475486755371094
47.475486755371094
47.13005065917969
47.494140625
47.136199951171875
46.8189582824707
47.14875411987305
46.9819221496582
46.07991409301758
47.27176284790039
47.31255340576172
46.9737548828125
46.617347717285156
47.23805236816406
47.03363800048828
47.29283905029297
46.897987365722656
47.687744140625
47.70598602294922
46.77406311035156
46.80900573730469
47.389732360839844
47.10179901123047
46.90618133544922
46.76652908325195
47.07453918457031
47.00665283203125
46.70929718017578
47.179195404052734
46.85791015625
45.76512908935547
45.76512908935547
46.39043045043945
46.482765197753906
46.595802307128906
46.595802307128906
46.595802307128906
47.368896484375
46.815582275390625
46.62287902832031
47.14686584472656
46.80280303955078
46.72325134277344
46.38982391357422
47.00120544433594
46.94916534423828
47.1165771484375
46.41259765625
46.22941970825195
46.82506561279297
46.82506561279297
46.82506561279297
45.817657470703125
46.23711013793945
46.23711013793945
46.89125061035156
46.89125061035156
46.29424285888672
46.575401306152344
46.31840515136719
46.286582946777344
46.808834075927734
47.170589447021484
46.53938674926758
46.70628356933594
46.70628356933594
46.409584045410156
46.29271697998047
46.86949157714844
46.24798583984375
46.883541107177734
46.01502227783203
46.96580123901367
46.826515197753906
46.826515197753906
46.2505989074707
46.2505989074707
46.00911331176758
46.720603942871094
45.44681167602539
46.474578857421875
46.281776428222656
46.54790496826172
46.54790496826172
46.462242126464844
45.724082946777344
45.922237396240234
46.4271240234375
46.52162170410156
46.52162170410156
46.07662582397461
46.49658203125
46.461936950683594
46.690853118896484
46.787471771240234
47.019752502441406
47.16978454589844
47.35389709472656
46.942543029785156
46.36207580566406
46.36207580566406
46.421939849853516
46.70133972167969
46.618473052978516
46.36158752441406
46.22004699707031
45.613365173339844
46.044349670410156
46.20574188232422
46.44824981689453
45.94730758666992
46.60967254638672
46.457611083984375
46.00648880004883
46.90648651123047
47.010032653808594
47.010032653808594
46.74940490722656
46.348445892333984
46.03138732910156
46.21715545654297
46.362388610839844
46.50078582763672
45.93435287475586
45.93435287475586
45.93435287475586
45.96527862548828
46.54426193237305
46.75738525390625
46.86918640136719
46.86918640136719
46.86918640136719
46.72523880004883
46.72523880004883
47.10650634765625
46.892417907714844
47.22689437866211
46.44845199584961
46.83268737792969
46.98617172241211
46.39388656616211
46.89142608642578
46.265106201171875
46.92048645019531
46.94405746459961
46.938255310058594
47.205902099609375
47.70742416381836
46.994590759277344
47.24477767944336
47.196746826171875
47.72404479980469
48.08486557006836
47.74456787109375
48.03306579589844
48.02539825439453
47.364871978759766
47.364871978759766
47.364871978759766
47.72797393798828
47.87823486328125
47.938819885253906
48.15165328979492
47.62538528442383
47.600341796875
47.56983184814453
47.105873107910156
47.821815490722656
47.387027740478516
47.88605499267578
48.40657043457031
47.81010437011719
48.10696029663086
47.45228576660156
48.257572174072266
48.257572174072266
48.257572174072266
48.01775360107422
48.01775360107422
47.930057525634766
47.48997497558594
48.17649841308594
48.47517395019531
48.6597900390625
48.15186309814453
48.235137939453125
48.235137939453125
47.38922882080078
47.52763748168945
47.766944885253906
47.80097961425781
47.92153549194336
47.92153549194336
47.84056854248047
47.86833953857422
48.40839385986328
47.97880554199219
48.2454833984375
48.2454833984375
48.088768005371094
48.319549560546875
48.33205795288086
48.51994705200195
48.392723083496094
48.392723083496094
47.960365295410156
48.095314025878906
48.35930633544922
48.482574462890625
48.42401885986328
48.18858337402344
48.36992645263672
48.099388122558594
48.59831237792969
48.59844970703125
47.79621887207031
48.15666198730469
48.219085693359375
48.73113250732422
48.73113250732422
48.56085968017578
48.19387435913086
48.36497116088867
48.03959655761719
48.01384735107422
48.106300354003906
48.34741973876953
48.54249572753906
47.996673583984375
48.22066879272461
49.10838317871094
48.280826568603516
48.25830078125
48.25071716308594
48.776920318603516
48.02075958251953
47.846439361572266
48.09919738769531
47.1360969543457
47.61920928955078
47.722816467285156
47.722816467285156
47.722816467285156
47.41734313964844
47.10553741455078
47.10553741455078
46.83792495727539
48.03127670288086
47.610076904296875
47.88646697998047
47.095802307128906
47.490623474121094
47.49658966064453
47.6568717956543
47.891822814941406
47.891822814941406
47.891822814941406
47.6396484375
47.71012878417969
47.71012878417969
47.98298645019531
47.73344421386719
47.74046325683594
47.172000885009766
46.758277893066406
46.758277893066406
47.372276306152344
47.22473907470703
47.65449523925781
47.372215270996094
47.43114471435547
47.43114471435547
47.48235321044922
47.46222686767578
47.505760192871094
47.2633056640625
47.407928466796875
47.472251892089844
48.459808349609375
47.775630950927734
48.03721237182617
48.19980239868164
48.58399200439453
48.472137451171875
48.373878479003906
48.373878479003906
48.09834289550781
47.491886138916016
48.36020278930664
48.36020278930664
47.93959045410156
47.94816970825195
47.52867126464844
48.379817962646484
48.48936080932617
47.71631622314453
47.758705139160156
48.187225341796875
48.187225341796875
47.98326110839844
47.7273063659668
48.388214111328125
48.2237663269043
48.58353042602539
48.35136032104492
48.9616813659668
48.711212158203125
48.2711181640625
48.672157287597656
48.60877227783203
48.60877227783203
48.48227310180664
48.094764709472656
48.094764709472656
47.97571563720703
48.11271286010742
47.57600402832031
47.051361083984375
47.82268524169922
47.73627471923828
47.68683624267578
47.54087829589844
47.793128967285156
47.68846893310547
48.191253662109375
48.191253662109375
47.801910400390625
48.282501220703125
48.73503112792969
47.958038330078125
47.958038330078125
47.9673957824707
48.12847900390625
48.12847900390625
48.12847900390625
47.835166931152344
47.84132385253906
47.66503143310547
47.583778381347656
47.78336715698242
47.72340774536133
48.66160202026367
48.66160202026367
48.395416259765625
48.395416259765625
48.04253387451172
48.21895217895508
48.31262969970703
48.0782470703125
48.045867919921875
48.670379638671875
48.523807525634766
48.523807525634766
49.24481964111328
48.467193603515625
48.73876190185547
48.16620635986328
48.16620635986328
48.61683654785156
48.141075134277344
48.141075134277344
48.82079315185547
48.42203903198242
48.786495208740234
48.25400161743164
48.1806526184082
49.075294494628906
49.075294494628906
48.23455810546875
48.636131286621094
48.94342803955078
49.09715270996094
48.80651092529297
48.18110656738281
48.42566680908203
48.38447952270508
48.38447952270508
48.537689208984375
48.32551574707031
48.38475799560547
48.6285400390625
48.6285400390625
48.74265670776367
48.226593017578125
47.960968017578125
48.471065521240234
48.177955627441406
48.177955627441406
47.8310546875
48.52281188964844
48.198402404785156
48.28515625
48.68592834472656
48.675811767578125
49.206268310546875
48.79855728149414
48.711570739746094
48.85801696777344
48.85801696777344
48.51342010498047
48.51342010498047
48.74969482421875
48.64469909667969
48.699180603027344
48.24230194091797
48.48186492919922
48.11231231689453
47.91694641113281
48.58428192138672
48.37236022949219
48.53913879394531
48.84175491333008
48.594146728515625
48.61347579956055
48.37776184082031
48.919288635253906
48.672508239746094
48.92292022705078
48.92292022705078
49.05070877075195
48.3377685546875
47.902259826660156
48.631439208984375
48.631439208984375
48.52520751953125
48.7811164855957
48.72468566894531
48.70555114746094
48.83037185668945
47.85464859008789
48.714168548583984
48.41797637939453
48.719337463378906
48.445335388183594
48.65333557128906
48.831382751464844
49.113765716552734
48.777671813964844
48.777671813964844
48.45388412475586
49.031219482421875
49.238643646240234
49.28876876831055
49.127342224121094
48.82161331176758
48.918121337890625
48.918121337890625
49.03647232055664
48.98516845703125
49.954776763916016
49.634700775146484
49.14307403564453
49.02637481689453
49.02637481689453
49.38011932373047
49.220619201660156
49.079200744628906
49.079200744628906
49.0035400390625
49.549434661865234
48.67091751098633
49.49092102050781
48.74998474121094
49.07087707519531
47.96351623535156
48.68834686279297
48.95820236206055
48.491172790527344
48.078102111816406
48.26637649536133
48.301307678222656
48.22774887084961
47.75284194946289
48.60846710205078
47.72100830078125
48.5195426940918
47.59668731689453
47.59668731689453
48.59783172607422
48.25542449951172
48.11000061035156
48.77669906616211
48.77669906616211
48.59730529785156
48.172828674316406
48.25679016113281
47.97087097167969
48.385536193847656
48.245574951171875
48.36708068847656
47.893898010253906
47.894386291503906
47.38295364379883
47.449012756347656
47.901649475097656
47.901649475097656
47.79365539550781
47.33575439453125
47.33575439453125
47.97324752807617
47.88304138183594
47.663639068603516
47.74494552612305
48.25012969970703
47.92426300048828
48.12480926513672
47.53902816772461
48.50651550292969
48.50651550292969
48.641021728515625
48.622581481933594
48.352745056152344
48.422080993652344
48.16673278808594
47.95512771606445
47.94771194458008
47.623329162597656
47.623329162597656
48.172821044921875
48.172821044921875
47.86534118652344
48.16783142089844
47.759925842285156
48.195587158203125
48.68373107910156
48.47249984741211
48.70744323730469
48.336524963378906
48.94780731201172
48.7475700378418
48.35572814941406
48.82612609863281
48.13789749145508
47.750308990478516
48.61383819580078
48.61383819580078
48.03739929199219
48.10765075683594
48.10765075683594
48.0302848815918
48.108455657958984
48.085182189941406
47.227474212646484
47.70658874511719
47.715980529785156
47.350894927978516
48.19677734375
47.96843338012695
47.96843338012695
48.071189880371094
47.904991149902344
47.904991149902344
47.79441833496094
48.078365325927734
47.51817321777344
47.685218811035156
47.53081130981445
47.25811004638672
47.676963806152344
47.85668182373047
47.85668182373047
47.63862609863281
47.14204788208008
47.9445915222168
47.77120590209961
47.77120590209961
47.53761672973633
47.448814392089844
47.448814392089844
47.448814392089844
47.0386962890625
46.996009826660156
47.63505935668945
47.45970916748047
48.014892578125
47.409698486328125
46.5292854309082
47.514503479003906
47.504173278808594
47.29682159423828
47.87643814086914
47.25221252441406
47.55979919433594
47.40363311767578
47.499977111816406
47.15013885498047
47.15013885498047
46.914588928222656
47.60788345336914
47.38622283935547
46.54383087158203
47.6173095703125
47.54472732543945
47.61371612548828
47.72565460205078
47.515220642089844
47.515220642089844
47.515220642089844
47.413978576660156
47.17996597290039
47.52263641357422
47.52263641357422
47.749114990234375
47.81818771362305
47.197200775146484
47.50920867919922
47.511756896972656
47.43202209472656
47.57306671142578
47.71385955810547
47.547767639160156
47.547767639160156
47.1859130859375
47.10040283203125
47.525543212890625
47.04618453979492
47.41041564941406
47.18897247314453
46.99794006347656
47.47507095336914
47.26812744140625
47.26812744140625
47.26812744140625
46.80731964111328
47.11473846435547
47.21232604980469
47.42450714111328
46.95402908325195
47.052894592285156
47.41986846923828
47.47191619873047
46.865379333496094
46.81864547729492
47.33043670654297
47.394622802734375
47.53394317626953
46.95933532714844
47.20426940917969
47.46768569946289
47.36945724487305
47.24101638793945
47.41756057739258
47.41756057739258
47.20429611206055
47.40822219848633
47.387351989746094
47.403968811035156
47.59820556640625
47.53858184814453
47.6834716796875
47.222251892089844
47.282413482666016
47.36053466796875
46.81626510620117
47.26082992553711
47.208030700683594
47.208030700683594
47.71574401855469
47.23729705810547
47.296958923339844
47.168540954589844
46.99519348144531
47.199485778808594
46.51750946044922
46.98469543457031
46.76752853393555
47.02644348144531
46.886756896972656
46.886756896972656
47.4003791809082
47.36181640625
47.11438751220703
47.12449645996094
47.349327087402344
47.6357536315918
46.860206604003906
47.04549026489258
46.85202407836914
47.49562072753906
46.505226135253906
46.97006607055664
46.97006607055664
46.87156677246094
46.87156677246094
46.8870735168457
47.32948303222656
46.89033508300781
47.44491195678711
47.31867218017578
47.29303741455078
47.197975158691406
47.011837005615234
47.28500747680664
47.28500747680664
47.248775482177734
46.725379943847656
47.52870178222656
47.298431396484375
46.652191162109375
47.26152038574219
47.00886535644531
46.406105041503906
46.45838165283203
46.337974548339844
46.82636642456055
47.22285461425781
47.432334899902344
46.469444274902344
47.242835998535156
47.01161193847656
47.07400894165039
47.07400894165039
47.04781723022461
47.01007843017578
46.729454040527344
46.693695068359375
46.94168472290039
46.94634246826172
46.81888198852539
47.08815002441406
47.28911590576172
46.89661407470703
47.23728942871094
47.15617370605469
47.29237365722656
47.114166259765625
47.416748046875
47.145973205566406
47.186248779296875
47.186248779296875
47.3814697265625
47.25212860107422
47.281944274902344
46.967716217041016
47.258853912353516
47.21563720703125
46.915077209472656
47.180931091308594
47.1316032409668
47.1316032409668
47.13787841796875
47.66423416137695
47.32569885253906
47.88090515136719
47.33350372314453
47.95318603515625
47.95318603515625
47.95318603515625
47.46868133544922
