66.180419921875
107.9373550415039
107.29724884033203
93.32596588134766
87.72315216064453
91.93830871582031
95.19564056396484
95.70033264160156
91.48197937011719
87.80469512939453
84.68031311035156
84.09256744384766
85.73735046386719
88.0079345703125
87.11467742919922
84.95890808105469
84.95890808105469
81.9603271484375
81.9603271484375
80.78236389160156
80.7704086303711
80.12522888183594
80.6954116821289
79.4835205078125
78.51925659179688
78.51925659179688
75.8611068725586
76.12615966796875
76.75926971435547
77.41336059570312
78.16838073730469
78.16838073730469
77.04151916503906
76.61123657226562
76.0670394897461
74.11082458496094
72.84242248535156
72.62290954589844
72.19132232666016
73.13862609863281
73.77423858642578
76.3548812866211
77.71089935302734
78.56584167480469
77.64262390136719
77.66950988769531
77.66950988769531
76.74540710449219
75.77984619140625
75.32597351074219
74.6170425415039
72.48234558105469
73.5948257446289
72.33847045898438
72.6339111328125
71.32968139648438
70.6156234741211
69.58287048339844
69.84074401855469
69.84074401855469
68.57514953613281
68.06116485595703
67.82710266113281
66.8221664428711
66.2344970703125
66.38349914550781
65.5008316040039
65.59513854980469
65.39300537109375
64.84695434570312
64.76028442382812
64.75205993652344
65.295654296875
65.09892272949219
65.21493530273438
64.99176025390625
65.95600891113281
65.31229400634766
65.65184020996094
65.63810729980469
65.3787841796875
66.37641906738281
65.92901611328125
65.671142578125
65.671142578125
65.76356506347656
66.5477294921875
65.85992431640625
66.11521911621094
66.434326171875
66.03448486328125
65.64324951171875
65.35198974609375
66.67135620117188
67.39452362060547
67.24125671386719
68.38601684570312
68.48136901855469
67.72740173339844
68.39955139160156
68.88626861572266
68.59923553466797
68.87055969238281
68.29572296142578
67.41128540039062
67.86940002441406
67.86940002441406
68.30915069580078
67.16973876953125
67.2248764038086
67.40293884277344
67.40293884277344
67.03914642333984
67.46958923339844
67.78080749511719
67.59769439697266
67.53765106201172
67.42125701904297
66.86869812011719
67.21124267578125
67.61775207519531
67.61775207519531
67.27479553222656
68.05950927734375
67.01238250732422
67.27753448486328
67.30526733398438
67.6146240234375
66.78280639648438
67.30432891845703
66.03449249267578
66.72409057617188
66.02998352050781
65.13066101074219
64.92756652832031
64.81343841552734
64.31566619873047
64.61488342285156
63.96133804321289
63.96133804321289
63.0245246887207
62.01616668701172
61.966827392578125
62.01316833496094
61.254615783691406
61.254615783691406
60.90018081665039
61.19862747192383
61.016475677490234
60.59202575683594
60.36746597290039
60.201087951660156
60.075340270996094
59.2633056640625
59.087928771972656
59.147499084472656
59.82204818725586
59.116783142089844
59.7589225769043
59.188472747802734
58.8820915222168
59.50050354003906
59.39579772949219
59.80476760864258
59.3328857421875
59.348026275634766
59.063255310058594
59.063255310058594
58.6867561340332
59.09622573852539
58.69798278808594
58.7662353515625
58.6004753112793
58.6004753112793
58.6004753112793
58.88045120239258
58.00756072998047
58.58123779296875
58.58123779296875
58.2955322265625
58.984222412109375
59.5521125793457
58.704978942871094
58.256614685058594
58.581947326660156
58.36327362060547
58.2745475769043
57.98565673828125
57.748207092285156
57.76402282714844
58.17774963378906
58.23720169067383
57.81917190551758
56.985191345214844
57.69115447998047
57.80553436279297
58.47151565551758
57.696434020996094
57.40679931640625
57.103919982910156
57.23158264160156
57.54039001464844
58.106693267822266
57.575069427490234
57.78077697753906
58.00205993652344
58.118438720703125
57.32508850097656
57.78401184082031
58.23860168457031
58.27290725708008
58.35314178466797
58.351287841796875
58.351287841796875
58.193138122558594
57.469940185546875
58.585872650146484
58.585872650146484
58.81770324707031
58.79674530029297
58.715675354003906
58.899417877197266
58.711002349853516
58.737754821777344
59.64301300048828
58.85447692871094
59.702972412109375
58.72856140136719
59.59293746948242
58.53915786743164
59.500526428222656
59.66656494140625
59.21961212158203
59.65582275390625
59.09526824951172
58.75836944580078
59.14790344238281
58.55976867675781
58.04938507080078
57.58027267456055
57.94163513183594
57.94163513183594
57.82655334472656
57.78507995605469
57.786903381347656
57.66020965576172
57.01103210449219
57.268577575683594
56.962921142578125
56.439308166503906
57.461307525634766
56.081443786621094
56.68290710449219
56.866546630859375
57.83547592163086
57.42281723022461
57.348915100097656
57.54509735107422
57.58723449707031
57.01388168334961
57.01388168334961
56.90338134765625
56.728858947753906
56.63268280029297
56.892723083496094
55.99825668334961
55.58696746826172
55.08823013305664
55.08823013305664
55.185298919677734
55.80706024169922
55.24736785888672
54.76615905761719
54.541053771972656
54.4908447265625
53.9857063293457
53.86404800415039
53.665164947509766
54.31218338012695
53.7767333984375
53.7767333984375
54.239261627197266
54.11345672607422
54.248348236083984
54.248348236083984
54.05718231201172
53.880889892578125
54.42913055419922
53.57626724243164
53.52277374267578
53.966522216796875
52.53677749633789
53.615631103515625
53.453941345214844
53.41054153442383
53.19835662841797
53.46494674682617
53.39864730834961
53.27287292480469
53.41740798950195
54.06135177612305
54.11994934082031
53.69322204589844
53.810508728027344
53.810508728027344
54.00121307373047
53.632080078125
54.011802673339844
53.90198516845703
53.94940185546875
54.21458435058594
53.42282485961914
53.76553726196289
54.33514404296875
54.19157409667969
54.100921630859375
53.172142028808594
53.46784973144531
53.080169677734375
53.155059814453125
53.10411834716797
53.040035247802734
53.556915283203125
53.68267822265625
53.346519470214844
52.61738586425781
52.61738586425781
52.39746856689453
52.39746856689453
53.066715240478516
53.066715240478516
53.4088134765625
53.458709716796875
52.958587646484375
52.33705139160156
52.404571533203125
52.404571533203125
52.59519577026367
52.545833587646484
53.34859085083008
53.73358917236328
53.67097854614258
53.386905670166016
53.813133239746094
53.392887115478516
53.94316482543945
53.965667724609375
54.17345428466797
53.784706115722656
53.86585235595703
53.953704833984375
53.96704864501953
53.96704864501953
53.79584884643555
54.14392852783203
53.61293029785156
53.20707702636719
54.215145111083984
53.658958435058594
53.658809661865234
54.28327941894531
53.92617416381836
54.268028259277344
53.866973876953125
53.953582763671875
53.910430908203125
53.4790153503418
53.74239730834961
53.373016357421875
53.61154556274414
53.335548400878906
53.064754486083984
53.00338363647461
54.371761322021484
53.46760559082031
53.920509338378906
54.35331726074219
54.20317459106445
54.07110595703125
54.63481521606445
53.75730514526367
54.6781120300293
54.74028396606445
54.31748962402344
55.20897674560547
54.756587982177734
54.78511047363281
54.94805908203125
53.9320068359375
55.14704513549805
54.561710357666016
55.33374786376953
55.2056770324707
55.205101013183594
55.52770233154297
54.31617736816406
54.00585174560547
55.001041412353516
54.933631896972656
54.594940185546875
54.64286804199219
54.55007553100586
54.37153244018555
54.17702865600586
53.796958923339844
53.956871032714844
54.107906341552734
53.66889572143555
54.01074981689453
53.85676574707031
53.715599060058594
54.3043212890625
54.046897888183594
54.999427795410156
54.259437561035156
55.19471740722656
54.396453857421875
54.570465087890625
54.66912841796875
54.790138244628906
54.28498077392578
54.864341735839844
54.35841369628906
54.72010040283203
53.91742706298828
54.405364990234375
54.526947021484375
54.526947021484375
54.25738525390625
54.002952575683594
53.910606384277344
53.43717956542969
53.679039001464844
52.589141845703125
53.02272415161133
52.6524658203125
52.54924774169922
51.833824157714844
51.97853469848633
51.97853469848633
51.644168853759766
52.04997253417969
51.73183822631836
52.128257751464844
52.053627014160156
52.10686492919922
52.10686492919922
51.93711853027344
52.301177978515625
51.96900939941406
52.03459930419922
52.18841552734375
52.39153289794922
51.66376495361328
51.940223693847656
51.940223693847656
51.900081634521484
52.71476745605469
52.71476745605469
52.297096252441406
52.48126983642578
52.48588180541992
51.522178649902344
51.522178649902344
51.522178649902344
51.92637634277344
52.294525146484375
52.444976806640625
51.84816360473633
52.40974807739258
52.328460693359375
52.61145782470703
52.95172119140625
52.36334991455078
52.42961883544922
52.36003112792969
52.36003112792969
52.19877243041992
52.280418395996094
52.479705810546875
52.25257873535156
52.666587829589844
52.90645217895508
52.58824157714844
52.661033630371094
52.922420501708984
52.77396011352539
52.93914794921875
52.73429489135742
52.06724548339844
52.1590576171875
51.907493591308594
51.716957092285156
51.295982360839844
51.75978469848633
52.14371109008789
51.54777908325195
51.945831298828125
51.90349197387695
51.784149169921875
