-3.2842085361480713
-3.2842085361480713
-3.2842085361480713
-3.2842085361480713
-3.2842085361480713
-3.2842085361480713
-3.2842085361480713
-3.2842085361480713
-3.2842085361480713
-3.2842085361480713
-3.2842085361480713
-3.2842085361480713
-3.2842085361480713
-3.2842085361480713
-3.2842085361480713
-3.2842085361480713
-3.2842085361480713
-3.2842085361480713
-3.2842085361480713
-3.2842085361480713
-3.2842085361480713
-3.2842085361480713
-3.2842085361480713
-3.2842085361480713
-3.2842085361480713
-3.2842085361480713
-3.2842085361480713
-3.2842085361480713
-3.2842085361480713
-3.2842085361480713
-3.2842085361480713
-3.2842085361480713
-3.2842085361480713
-3.2842085361480713
-3.2842085361480713
-3.2842085361480713
-3.2842085361480713
-3.2842085361480713
-3.2842085361480713
-3.2842085361480713
-3.2842085361480713
-3.2842085361480713
-3.2842085361480713
-3.2842085361480713
-3.2842085361480713
-3.2842085361480713
-3.2842085361480713
-3.2842085361480713
-3.2842085361480713
-3.2842085361480713
-3.2842085361480713
-3.2842085361480713
-3.2842085361480713
-3.2842085361480713
-3.2842085361480713
-3.2842085361480713
-3.2842085361480713
-3.2842085361480713
-3.2842085361480713
-3.2842085361480713
-3.2842085361480713
-3.2842085361480713
-3.2842085361480713
-3.2842085361480713
-3.2842085361480713
-3.2842085361480713
-3.2842085361480713
-3.2842085361480713
-3.2842085361480713
-3.2842085361480713
-3.2842085361480713
-3.2842085361480713
-3.2842085361480713
-3.2842085361480713
-3.2842085361480713
-3.2842085361480713
-3.2842085361480713
-3.2842085361480713
-3.2842085361480713
-3.2842085361480713
-3.2842085361480713
-3.2842085361480713
-3.2842085361480713
-3.2842085361480713
-3.2842085361480713
-3.2842085361480713
-3.2842085361480713
-3.2842085361480713
-3.2842085361480713
-3.2842085361480713
-3.2842085361480713
-3.2842085361480713
-3.2842085361480713
-3.2842085361480713
-3.2842085361480713
-3.2842085361480713
-3.2842085361480713
-3.2842085361480713
-3.2842085361480713
-3.2842085361480713
-3.2842085361480713
-3.2842085361480713
-3.2842085361480713
-3.2842085361480713
-3.2842085361480713
-3.2842085361480713
-3.2842085361480713
-3.2842085361480713
-3.2842085361480713
-3.2842085361480713
-3.2842085361480713
-3.2842085361480713
-3.2842085361480713
-3.2842085361480713
-3.2842085361480713
-3.2842085361480713
-3.2842085361480713
-3.2842085361480713
-3.2842085361480713
-3.2842085361480713
-3.2842085361480713
-3.2842085361480713
-3.2842085361480713
-3.2842085361480713
-3.2842085361480713
-3.2842085361480713
-3.2842085361480713
-3.2842085361480713
-3.2842085361480713
-3.2842085361480713
-3.2842085361480713
-3.2842085361480713
-3.2842085361480713
-3.2842085361480713
-3.2842085361480713
-3.2842085361480713
-3.2842085361480713
-3.2842085361480713
-3.2842085361480713
-3.2842085361480713
-3.2842085361480713
-3.2842085361480713
-3.2842085361480713
-3.2842085361480713
-3.2842085361480713
-3.2842085361480713
-3.2842085361480713
-3.2842085361480713
-3.2842085361480713
-3.2842085361480713
-3.2842085361480713
-3.2842085361480713
-3.2842085361480713
-3.2842085361480713
-3.283372402191162
-3.283372402191162
-3.290196657180786
-3.290196657180786
-3.290196657180786
-3.290196657180786
-3.290196657180786
-3.290196657180786
-3.290196657180786
-3.290196657180786
-3.290196657180786
-3.290196657180786
-3.290196657180786
-3.290196657180786
-3.290196657180786
-3.276193618774414
-3.276193618774414
-3.276193618774414
-3.276193618774414
-3.276193618774414
-3.276193618774414
-3.276193618774414
-3.276193618774414
-3.276193618774414
-3.276193618774414
-3.276193618774414
-3.276193618774414
-3.276193618774414
-3.276193618774414
-3.276193618774414
-3.276193618774414
-3.276193618774414
-3.276193618774414
-3.276193618774414
-3.276193618774414
-3.276193618774414
-3.276193618774414
-3.2662770748138428
-3.2662770748138428
-3.2662770748138428
-3.2662770748138428
-3.2662770748138428
-3.2662770748138428
-3.2662770748138428
-3.2662770748138428
-3.2662770748138428
-3.2662770748138428
-3.2662770748138428
-3.2662770748138428
-3.2662770748138428
-3.2794394493103027
-3.2794394493103027
-3.2794394493103027
-3.2794394493103027
-3.2794394493103027
-3.2794394493103027
-3.2794394493103027
-3.2794394493103027
-3.2794394493103027
-3.2794394493103027
-3.2794394493103027
-3.2794394493103027
-3.2794394493103027
-3.2794394493103027
-3.2794394493103027
-3.2794394493103027
-3.2794394493103027
-3.2794394493103027
-3.2794394493103027
-3.2794394493103027
-3.2794394493103027
-3.2794394493103027
-3.2794394493103027
-3.2794394493103027
-3.2794394493103027
-3.2794394493103027
-3.2787296772003174
-3.2787296772003174
-3.2787296772003174
-3.2787296772003174
-3.2787296772003174
-3.2787296772003174
-3.2787296772003174
-3.2787296772003174
-3.2787296772003174
-3.2787296772003174
-3.2787296772003174
-3.2787296772003174
-3.2787296772003174
-3.2787296772003174
-3.2787296772003174
-3.2787296772003174
-3.2787296772003174
-3.3067197799682617
-3.3067197799682617
-3.3067197799682617
-3.3067197799682617
-3.3067197799682617
-3.3067197799682617
-3.3067197799682617
-3.3067197799682617
-3.3067197799682617
-3.3067197799682617
-3.3067197799682617
-3.3067197799682617
-3.3067197799682617
-3.3067197799682617
-3.3067197799682617
-3.3067197799682617
-3.3067197799682617
-3.3067197799682617
-3.3067197799682617
-3.3067197799682617
-3.3067197799682617
-3.3067197799682617
-3.3067197799682617
-3.3067197799682617
-3.3067197799682617
-3.3067197799682617
-3.3067197799682617
-3.3067197799682617
-3.3067197799682617
-3.3067197799682617
-3.3067197799682617
-3.3067197799682617
-3.3067197799682617
-3.3067197799682617
-3.3067197799682617
-3.3067197799682617
-3.3067197799682617
-3.3067197799682617
-3.3067197799682617
-3.3067197799682617
-3.3067197799682617
-3.3067197799682617
-3.3067197799682617
-3.3067197799682617
-3.3067197799682617
-3.3067197799682617
-3.3067197799682617
-3.3067197799682617
-3.3067197799682617
-3.3067197799682617
-3.3067197799682617
-3.3067197799682617
-3.3067197799682617
-3.3067197799682617
-3.3067197799682617
-3.3067197799682617
-3.3067197799682617
-3.3067197799682617
-3.3067197799682617
-3.3067197799682617
-3.3067197799682617
-3.3067197799682617
-3.3067197799682617
-3.3067197799682617
-3.3067197799682617
-3.3067197799682617
-3.3067197799682617
-3.3067197799682617
-3.3067197799682617
-3.3067197799682617
-3.3067197799682617
-3.3067197799682617
-3.2634077072143555
-3.2634077072143555
-3.2951626777648926
-3.2951626777648926
-3.2951626777648926
-3.2951626777648926
-3.2951626777648926
-3.2951626777648926
-3.2951626777648926
-3.2951626777648926
-3.2951626777648926
-3.2951626777648926
-3.2951626777648926
-3.2951626777648926
-3.2951626777648926
-3.2951626777648926
-3.302621603012085
-3.302621603012085
-3.302621603012085
-3.3014955520629883
-3.3014955520629883
-3.3068525791168213
-3.3068525791168213
-3.3068525791168213
-3.3068525791168213
-3.265435218811035
-3.265435218811035
-3.265435218811035
-3.265435218811035
-3.265435218811035
-3.265435218811035
-3.265435218811035
-3.265435218811035
-3.265435218811035
-3.265435218811035
-3.265435218811035
-3.265435218811035
-3.265435218811035
-3.265435218811035
-3.265435218811035
-3.265435218811035
-3.3155477046966553
-3.3155477046966553
-3.3155477046966553
-3.3155477046966553
-3.3155477046966553
-3.3155477046966553
-3.3155477046966553
-3.3155477046966553
-3.3155477046966553
-3.3155477046966553
-3.3155477046966553
-3.3155477046966553
-3.3155477046966553
-3.3155477046966553
-3.3155477046966553
-3.3155477046966553
-3.3155477046966553
-3.3155477046966553
-3.3155477046966553
-3.3155477046966553
-3.3155477046966553
-3.3155477046966553
-3.3155477046966553
-3.3155477046966553
-3.3155477046966553
-3.3155477046966553
-3.3155477046966553
-3.3155477046966553
-3.3155477046966553
-3.3155477046966553
-3.3155477046966553
-3.3155477046966553
-3.3155477046966553
-3.3155477046966553
-3.3155477046966553
-3.3155477046966553
-3.3155477046966553
-3.3155477046966553
-3.3155477046966553
-3.3155477046966553
-3.3155477046966553
-3.3155477046966553
-3.3155477046966553
-3.3155477046966553
-3.3155477046966553
-3.3155477046966553
-3.3155477046966553
-3.3155477046966553
-3.2747178077697754
-3.2747178077697754
-3.2747178077697754
-3.2747178077697754
-3.2747178077697754
-3.2747178077697754
-3.2747178077697754
-3.2747178077697754
-3.2747178077697754
-3.2747178077697754
-3.2747178077697754
-3.2747178077697754
-3.2747178077697754
-3.2747178077697754
-3.3296797275543213
-3.3296797275543213
-3.3296797275543213
-3.3296797275543213
-3.3296797275543213
-3.3296797275543213
-3.3296797275543213
-3.3296797275543213
-3.3296797275543213
-3.3296797275543213
-3.3296797275543213
-3.3296797275543213
-3.3296797275543213
-3.3296797275543213
-3.3296797275543213
-3.3296797275543213
-3.3296797275543213
-3.3296797275543213
-3.3296797275543213
-3.3296797275543213
-3.3296797275543213
-3.3296797275543213
-3.3296797275543213
-3.3296797275543213
-3.3296797275543213
-3.3296797275543213
-3.3296797275543213
-3.3296797275543213
-3.3296797275543213
-3.3296797275543213
-3.3296797275543213
-3.3296797275543213
-3.3296797275543213
-3.3296797275543213
-3.3296797275543213
-3.3296797275543213
-3.3296797275543213
-3.3296797275543213
-3.3296797275543213
-3.3296797275543213
-3.3296797275543213
-3.3296797275543213
-3.3296797275543213
-3.3296797275543213
-3.3296797275543213
-3.3296797275543213
-3.3296797275543213
-3.3296797275543213
-3.3296797275543213
-3.3296797275543213
-3.3296797275543213
-3.3296797275543213
-3.3296797275543213
-3.3296797275543213
-3.3296797275543213
-3.3296797275543213
-3.3296797275543213
-3.3296797275543213
-3.3296797275543213
-3.3296797275543213
-3.3296797275543213
-3.3296797275543213
-3.3296797275543213
-3.3296797275543213
-3.3296797275543213
-3.3296797275543213
-3.3296797275543213
-3.3296797275543213
-3.3296797275543213
-3.3296797275543213
-3.3296797275543213
-3.3296797275543213
-3.3296797275543213
-3.3296797275543213
-3.3296797275543213
-3.3296797275543213
-3.3296797275543213
-3.3296797275543213
-3.3296797275543213
-3.3296797275543213
-3.3296797275543213
-3.3296797275543213
-3.3296797275543213
-3.3296797275543213
-3.3296797275543213
-3.3296797275543213
-3.3296797275543213
-3.3296797275543213
-3.3296797275543213
-3.3296797275543213
-3.3296797275543213
-3.3296797275543213
-3.3296797275543213
-3.3296797275543213
-3.3296797275543213
-3.3296797275543213
-3.3296797275543213
-3.3296797275543213
-3.3296797275543213
-3.3296797275543213
-3.3296797275543213
-3.3296797275543213
-3.3296797275543213
-3.3296797275543213
-3.3296797275543213
-3.3296797275543213
-3.3296797275543213
-3.3296797275543213
-3.3296797275543213
-3.3177006244659424
-3.3177006244659424
-3.3177006244659424
-3.3177006244659424
-3.3177006244659424
-3.3177006244659424
-3.3177006244659424
-3.3177006244659424
-3.3177006244659424
-3.3177006244659424
-3.3177006244659424
-3.3177006244659424
-3.3177006244659424
-3.3177006244659424
-3.3177006244659424
-3.3177006244659424
-3.3177006244659424
-3.3177006244659424
-3.3177006244659424
-3.3177006244659424
-3.3177006244659424
-3.3177006244659424
-3.3177006244659424
-3.3177006244659424
-3.3177006244659424
-3.3177006244659424
-3.3177006244659424
-3.3177006244659424
-3.3177006244659424
-3.3177006244659424
-3.3177006244659424
-3.3177006244659424
-3.3177006244659424
-3.28933048248291
-3.28933048248291
-3.28933048248291
-3.28933048248291
-3.28933048248291
-3.28933048248291
-3.28933048248291
-3.28933048248291
-3.28933048248291
-3.28933048248291
-3.28933048248291
-3.28933048248291
-3.28933048248291
-3.28933048248291
-3.28933048248291
-3.28933048248291
-3.28933048248291
-3.28933048248291
-3.28933048248291
-3.28933048248291
-3.28933048248291
-3.28933048248291
-3.28933048248291
-3.28933048248291
-3.28933048248291
-3.28933048248291
-3.28933048248291
-3.28933048248291
-3.28933048248291
-3.28933048248291
-3.28933048248291
-3.28933048248291
-3.28933048248291
-3.28933048248291
-3.28933048248291
-3.28933048248291
-3.28933048248291
-3.28933048248291
-3.28933048248291
-3.28933048248291
-3.28933048248291
-3.28933048248291
-3.28933048248291
-3.28933048248291
-3.28933048248291
-3.28933048248291
-3.28933048248291
-3.28933048248291
-3.28933048248291
-3.28933048248291
-3.28933048248291
-3.28933048248291
-3.28933048248291
-3.28933048248291
-3.28933048248291
-3.28933048248291
-3.28933048248291
-3.28933048248291
-3.28933048248291
-3.28933048248291
-3.28933048248291
-3.28933048248291
-3.28933048248291
-3.28933048248291
-3.28933048248291
-3.28933048248291
-3.28933048248291
-3.28933048248291
-3.28933048248291
-3.28933048248291
-3.28933048248291
-3.28933048248291
-3.28933048248291
-3.28933048248291
-3.28933048248291
-3.28933048248291
-3.28933048248291
-3.28933048248291
-3.28933048248291
-3.28933048248291
-3.28933048248291
-3.28933048248291
-3.28933048248291
-3.28933048248291
-3.28933048248291
-3.28933048248291
-3.28933048248291
-3.28933048248291
-3.28933048248291
-3.28933048248291
-3.28933048248291
-3.28933048248291
-3.28933048248291
-3.28933048248291
-3.28933048248291
-3.28933048248291
-3.28933048248291
-3.28933048248291
-3.28933048248291
-3.28933048248291
-3.28933048248291
-3.28933048248291
-3.28933048248291
-3.28933048248291
-3.28933048248291
-3.28933048248291
-3.28933048248291
-3.28933048248291
-3.28933048248291
-3.28933048248291
-3.28933048248291
-3.28933048248291
-3.28933048248291
-3.28933048248291
-3.28933048248291
-3.28933048248291
-3.28933048248291
-3.28933048248291
-3.28933048248291
-3.28933048248291
-3.28933048248291
-3.28933048248291
-3.28933048248291
-3.28933048248291
-3.28933048248291
-3.28933048248291
-3.28933048248291
-3.28933048248291
-3.28933048248291
-3.28933048248291
-3.28933048248291
-3.28933048248291
-3.28933048248291
-3.28933048248291
-3.28933048248291
-3.28933048248291
-3.28933048248291
-3.28933048248291
-3.305680513381958
-3.305680513381958
-3.305680513381958
-3.305680513381958
-3.2914273738861084
-3.2914273738861084
-3.2914273738861084
-3.2914273738861084
-3.2914273738861084
-3.2914273738861084
-3.2914273738861084
-3.2914273738861084
-3.2914273738861084
-3.2914273738861084
-3.2914273738861084
-3.2914273738861084
-3.2914273738861084
-3.2914273738861084
-3.2914273738861084
-3.2914273738861084
-3.2914273738861084
-3.2914273738861084
-3.2914273738861084
-3.2914273738861084
-3.2914273738861084
-3.2914273738861084
-3.2914273738861084
-3.2914273738861084
-3.2914273738861084
-3.2914273738861084
-3.2914273738861084
-3.2914273738861084
-3.2914273738861084
-3.2914273738861084
-3.2914273738861084
-3.2914273738861084
-3.2914273738861084
-3.2914273738861084
-3.2914273738861084
-3.2914273738861084
-3.2914273738861084
-3.2914273738861084
-3.2914273738861084
-3.2914273738861084
-3.2914273738861084
-3.298600435256958
-3.298600435256958
-3.298600435256958
-3.298600435256958
-3.298600435256958
-3.298600435256958
-3.298600435256958
-3.298600435256958
-3.298600435256958
-3.298600435256958
-3.298600435256958
-3.298600435256958
-3.298600435256958
-3.298600435256958
-3.298600435256958
-3.298600435256958
-3.298600435256958
-3.298600435256958
-3.298600435256958
-3.298600435256958
-3.298600435256958
-3.298600435256958
-3.298600435256958
-3.298600435256958
-3.298600435256958
-3.298600435256958
-3.298600435256958
-3.298600435256958
-3.298600435256958
-3.298600435256958
-3.298600435256958
-3.298600435256958
-3.298600435256958
-3.298600435256958
-3.298600435256958
-3.298600435256958
-3.298600435256958
-3.298600435256958
-3.298600435256958
-3.298600435256958
-3.298600435256958
-3.298600435256958
-3.298600435256958
-3.298600435256958
-3.298600435256958
-3.298600435256958
-3.298600435256958
-3.298600435256958
-3.298600435256958
-3.298600435256958
-3.291504383087158
-3.291504383087158
-3.291504383087158
-3.291504383087158
-3.291504383087158
-3.291504383087158
-3.291504383087158
-3.291504383087158
-3.291504383087158
-3.291504383087158
-3.291504383087158
-3.291504383087158
-3.291504383087158
-3.291504383087158
-3.291504383087158
-3.291504383087158
-3.291504383087158
-3.3058555126190186
-3.3058555126190186
-3.3058555126190186
-3.3058555126190186
-3.3058555126190186
-3.3058555126190186
-3.3058555126190186
-3.3058555126190186
-3.3058555126190186
-3.3058555126190186
-3.3058555126190186
-3.3058555126190186
-3.3058555126190186
-3.3058555126190186
-3.3058555126190186
-3.3058555126190186
-3.3058555126190186
-3.3058555126190186
-3.3058555126190186
-3.3058555126190186
-3.3058555126190186
-3.3058555126190186
-3.3058555126190186
-3.3058555126190186
-3.3058555126190186
-3.3058555126190186
-3.3058555126190186
-3.3058555126190186
-3.3058555126190186
-3.3058555126190186
-3.3058555126190186
-3.3058555126190186
-3.3058555126190186
-3.3058555126190186
-3.3058555126190186
-3.3058555126190186
-3.3058555126190186
-3.3058555126190186
-3.3058555126190186
-3.3058555126190186
-3.3058555126190186
-3.3058555126190186
-3.3058555126190186
-3.3058555126190186
-3.3058555126190186
-3.3058555126190186
-3.3058555126190186
-3.3058555126190186
-3.3058555126190186
-3.3058555126190186
-3.3058555126190186
-3.3058555126190186
-3.3058555126190186
-3.3058555126190186
-3.3058555126190186
-3.3058555126190186
-3.3058555126190186
-3.3058555126190186
-3.3058555126190186
-3.3058555126190186
-3.3058555126190186
-3.3058555126190186
-3.3058555126190186
-3.3058555126190186
-3.3058555126190186
-3.3058555126190186
-3.3058555126190186
-3.3058555126190186
-3.3058555126190186
-3.3058555126190186
-3.3058555126190186
-3.3058555126190186
-3.3058555126190186
-3.3058555126190186
-3.3058555126190186
-3.3058555126190186
-3.3058555126190186
-3.3058555126190186
-3.3058555126190186
-3.3058555126190186
-3.3058555126190186
-3.3058555126190186
-3.3058555126190186
-3.3058555126190186
-3.3058555126190186
-3.3058555126190186
-3.3058555126190186
-3.3058555126190186
-3.3058555126190186
-3.3058555126190186
-3.3058555126190186
-3.3058555126190186
-3.3058555126190186
-3.3058555126190186
-3.3058555126190186
-3.3058555126190186
-3.3058555126190186
-3.3058555126190186
-3.3058555126190186
-3.3058555126190186
-3.3058555126190186
-3.3058555126190186
-3.3058555126190186
-3.3058555126190186
-3.3058555126190186
-3.3058555126190186
-3.3058555126190186
-3.3058555126190186
-3.3058555126190186
-3.3058555126190186
-3.3058555126190186
-3.3058555126190186
-3.3058555126190186
-3.3058555126190186
-3.3058555126190186
-3.3058555126190186
-3.3058555126190186
-3.3058555126190186
-3.3058555126190186
-3.3058555126190186
-3.3058555126190186
-3.3058555126190186
-3.3058555126190186
-3.3058555126190186
-3.3058555126190186
-3.3058555126190186
-3.3058555126190186
-3.3058555126190186
-3.3058555126190186
-3.3058555126190186
-3.3058555126190186
-3.3058555126190186
-3.3058555126190186
-3.3058555126190186
-3.3058555126190186
-3.3058555126190186
-3.3058555126190186
-3.3058555126190186
-3.3058555126190186
-3.3058555126190186
-3.3058555126190186
-3.3058555126190186
-3.3058555126190186
-3.297924518585205
-3.297924518585205
-3.297924518585205
-3.297924518585205
-3.297924518585205
-3.297924518585205
-3.297924518585205
-3.2906627655029297
-3.2906627655029297
-3.2906627655029297
-3.2906627655029297
-3.2906627655029297
-3.2906627655029297
-3.2906627655029297
-3.2906627655029297
-3.2906627655029297
-3.2906627655029297
-3.2906627655029297
-3.2906627655029297
-3.2906627655029297
-3.2906627655029297
-3.2906627655029297
-3.2812814712524414
-3.2812814712524414
-3.2812814712524414
-3.2812814712524414
-3.2812814712524414
-3.2812814712524414
-3.2812814712524414
-3.2812814712524414
-3.2812814712524414
-3.2812814712524414
-3.2812814712524414
-3.2812814712524414
-3.2812814712524414
-3.2812814712524414
-3.2812814712524414
-3.2812814712524414
-3.2812814712524414
-3.2812814712524414
-3.2812814712524414
-3.2812814712524414
-3.2812814712524414
