-3.2812814712524414
-3.317445993423462
-3.3170905113220215
-3.3170905113220215
-3.3170905113220215
-3.3170905113220215
-3.3170905113220215
-3.3170905113220215
-3.3170905113220215
-3.3170905113220215
-3.3170905113220215
-3.3170905113220215
-3.3170905113220215
-3.3170905113220215
-3.3170905113220215
-3.3170905113220215
-3.3170905113220215
-3.3170905113220215
-3.3170905113220215
-3.3170905113220215
-3.3170905113220215
-3.3170905113220215
-3.3170905113220215
-3.3170905113220215
-3.3170905113220215
-3.3170905113220215
-3.3170905113220215
-3.3170905113220215
-3.3170905113220215
-3.3170905113220215
-3.3170905113220215
-3.3170905113220215
-3.3170905113220215
-3.3170905113220215
-3.3170905113220215
-3.3170905113220215
-3.3170905113220215
-3.3170905113220215
-3.3170905113220215
-3.3170905113220215
-3.3170905113220215
-3.3170905113220215
-3.3170905113220215
-3.3170905113220215
-3.3170905113220215
-3.3170905113220215
-3.3170905113220215
-3.3170905113220215
-3.3170905113220215
-3.3170905113220215
-3.3170905113220215
-3.3170905113220215
-3.3170905113220215
-3.2715067863464355
-3.2715067863464355
-3.2715067863464355
-3.2715067863464355
-3.2715067863464355
-3.2715067863464355
-3.2715067863464355
-3.2715067863464355
-3.3239846229553223
-3.3239846229553223
-3.3239846229553223
-3.3239846229553223
-3.3239846229553223
-3.3239846229553223
-3.3239846229553223
-3.3239846229553223
-3.3239846229553223
-3.3239846229553223
-3.3239846229553223
-3.3239846229553223
-3.3239846229553223
-3.3239846229553223
-3.3239846229553223
-3.3239846229553223
-3.3239846229553223
-3.3239846229553223
-3.3239846229553223
-3.3239846229553223
-3.3239846229553223
-3.3239846229553223
-3.3239846229553223
-3.3239846229553223
-3.3239846229553223
-3.3239846229553223
-3.3239846229553223
-3.3239846229553223
-3.3239846229553223
-3.3239846229553223
-3.3239846229553223
-3.3239846229553223
-3.3239846229553223
-3.3239846229553223
-3.3239846229553223
-3.3239846229553223
-3.3239846229553223
-3.3239846229553223
-3.3239846229553223
-3.3239846229553223
-3.310168504714966
-3.310168504714966
-3.310168504714966
-3.310168504714966
-3.310168504714966
-3.310168504714966
-3.310168504714966
-3.310168504714966
-3.310168504714966
-3.310168504714966
-3.310168504714966
-3.310168504714966
-3.310168504714966
-3.310168504714966
-3.310168504714966
-3.310168504714966
-3.310168504714966
-3.310168504714966
-3.310168504714966
-3.310168504714966
-3.310168504714966
-3.310168504714966
-3.310168504714966
-3.310168504714966
-3.310168504714966
-3.310168504714966
-3.310168504714966
-3.310168504714966
-3.310168504714966
-3.310168504714966
-3.310168504714966
-3.310168504714966
-3.310168504714966
-3.310168504714966
-3.310168504714966
-3.310168504714966
-3.310168504714966
-3.310168504714966
-3.310168504714966
-3.310168504714966
-3.310168504714966
-3.310168504714966
-3.310168504714966
-3.310168504714966
-3.310168504714966
-3.310168504714966
-3.310168504714966
-3.310168504714966
-3.310168504714966
-3.310168504714966
-3.310168504714966
-3.310168504714966
-3.310168504714966
-3.310168504714966
-3.310168504714966
-3.310168504714966
-3.310168504714966
-3.310168504714966
-3.310168504714966
-3.310168504714966
-3.310168504714966
-3.310168504714966
-3.310168504714966
-3.310168504714966
-3.310168504714966
-3.310168504714966
-3.310168504714966
-3.310168504714966
-3.310168504714966
-3.310168504714966
-3.310168504714966
-3.310168504714966
-3.310168504714966
-3.310168504714966
-3.310168504714966
-3.310168504714966
-3.310168504714966
-3.310168504714966
-3.310168504714966
-3.310168504714966
-3.310168504714966
-3.310168504714966
-3.310168504714966
-3.310168504714966
-3.310168504714966
-3.310168504714966
-3.310168504714966
-3.310168504714966
-3.310168504714966
-3.310168504714966
-3.310168504714966
-3.310168504714966
-3.310168504714966
-3.310168504714966
-3.310168504714966
-3.310168504714966
-3.310168504714966
-3.310168504714966
-3.310168504714966
-3.310168504714966
-3.310168504714966
-3.310168504714966
-3.310168504714966
-3.310168504714966
-3.310168504714966
-3.310168504714966
-3.310168504714966
-3.310168504714966
-3.310168504714966
-3.310168504714966
-3.310168504714966
-3.310168504714966
-3.310168504714966
-3.310168504714966
-3.310168504714966
-3.310168504714966
-3.310168504714966
-3.310168504714966
-3.310168504714966
-3.310168504714966
-3.310168504714966
-3.310168504714966
-3.310168504714966
-3.310168504714966
-3.310168504714966
-3.310168504714966
-3.310168504714966
-3.310168504714966
-3.310168504714966
-3.310168504714966
-3.310168504714966
-3.310168504714966
-3.310168504714966
-3.310168504714966
-3.310168504714966
-3.310168504714966
-3.310168504714966
-3.310168504714966
-3.310168504714966
-3.310168504714966
-3.310168504714966
-3.310168504714966
-3.310168504714966
-3.310168504714966
-3.310168504714966
-3.310168504714966
-3.310168504714966
-3.310168504714966
-3.310168504714966
-3.310168504714966
-3.310168504714966
-3.310168504714966
-3.310168504714966
-3.3168232440948486
-3.3168232440948486
-3.3168232440948486
-3.3168232440948486
-3.3168232440948486
-3.3168232440948486
-3.3168232440948486
-3.3168232440948486
-3.3168232440948486
-3.3168232440948486
-3.3168232440948486
-3.3168232440948486
-3.3168232440948486
-3.3168232440948486
-3.3168232440948486
-3.3168232440948486
-3.297638416290283
-3.297638416290283
-3.297638416290283
-3.297638416290283
-3.297638416290283
-3.297638416290283
-3.297638416290283
-3.297638416290283
-3.297638416290283
-3.297638416290283
-3.297638416290283
-3.297638416290283
-3.297638416290283
-3.297638416290283
-3.297638416290283
-3.297638416290283
-3.297638416290283
-3.297638416290283
-3.297638416290283
-3.297638416290283
-3.2862255573272705
-3.2862255573272705
-3.2862255573272705
-3.2862255573272705
-3.2862255573272705
-3.2862255573272705
-3.2862255573272705
-3.2862255573272705
-3.2862255573272705
-3.2862255573272705
-3.2862255573272705
-3.2862255573272705
-3.2862255573272705
-3.2862255573272705
-3.2862255573272705
-3.2809276580810547
-3.2809276580810547
-3.2809276580810547
-3.2809276580810547
-3.2809276580810547
-3.2809276580810547
-3.2809276580810547
-3.2809276580810547
-3.2809276580810547
-3.2809276580810547
-3.2809276580810547
-3.2809276580810547
-3.278182029724121
-3.278182029724121
-3.278182029724121
-3.278182029724121
-3.278182029724121
-3.278182029724121
-3.278182029724121
-3.278182029724121
-3.278182029724121
-3.282292366027832
-3.282292366027832
-3.282292366027832
-3.282292366027832
-3.282292366027832
-3.305572271347046
-3.305572271347046
-3.305572271347046
-3.305572271347046
-3.305572271347046
-3.305572271347046
-3.305572271347046
-3.305572271347046
-3.305572271347046
-3.305572271347046
-3.305572271347046
-3.305572271347046
-3.3000009059906006
-3.3000009059906006
-3.3000009059906006
-3.3000009059906006
-3.3000009059906006
-3.3000009059906006
-3.3000009059906006
-3.3000009059906006
-3.3000009059906006
-3.3000009059906006
-3.3000009059906006
-3.3000009059906006
-3.3000009059906006
-3.3000009059906006
-3.3000009059906006
-3.3000009059906006
-3.3000009059906006
-3.3000009059906006
-3.3000009059906006
-3.3000009059906006
-3.3000009059906006
-3.3000009059906006
-3.3000009059906006
-3.3000009059906006
-3.3000009059906006
-3.3000009059906006
-3.2873051166534424
-3.2873051166534424
-3.2873051166534424
-3.2873051166534424
-3.2873051166534424
-3.2873051166534424
-3.2873051166534424
-3.2873051166534424
-3.2873051166534424
-3.2873051166534424
-3.2873051166534424
-3.2873051166534424
-3.2873051166534424
-3.2873051166534424
-3.2873051166534424
-3.2873051166534424
-3.2873051166534424
-3.2873051166534424
-3.2873051166534424
-3.2873051166534424
-3.2873051166534424
-3.2873051166534424
-3.2873051166534424
-3.2873051166534424
-3.2873051166534424
-3.2873051166534424
-3.2873051166534424
-3.2873051166534424
-3.2873051166534424
-3.2873051166534424
-3.2873051166534424
-3.2873051166534424
-3.2873051166534424
-3.2873051166534424
-3.2873051166534424
-3.2873051166534424
-3.2873051166534424
-3.2873051166534424
-3.2873051166534424
-3.2873051166534424
-3.2873051166534424
-3.2873051166534424
-3.2873051166534424
-3.2873051166534424
-3.2873051166534424
-3.2873051166534424
-3.2873051166534424
-3.2873051166534424
-3.2873051166534424
-3.2873051166534424
-3.2873051166534424
-3.2873051166534424
-3.2873051166534424
-3.2873051166534424
-3.2965896129608154
-3.266979217529297
-3.266979217529297
-3.266979217529297
-3.266979217529297
-3.266979217529297
-3.266979217529297
-3.283801794052124
-3.283801794052124
-3.283801794052124
-3.283801794052124
-3.283801794052124
-3.283801794052124
-3.283801794052124
-3.283801794052124
-3.283801794052124
-3.283801794052124
-3.283801794052124
-3.283801794052124
-3.283801794052124
-3.283801794052124
-3.283801794052124
-3.283801794052124
-3.283801794052124
-3.283801794052124
-3.2783405780792236
-3.2783405780792236
-3.2783405780792236
-3.2783405780792236
-3.2783405780792236
-3.2783405780792236
-3.2783405780792236
-3.2783405780792236
-3.2783405780792236
-3.2819080352783203
-3.2819080352783203
-3.2819080352783203
-3.2819080352783203
-3.288689136505127
-3.288689136505127
-3.288689136505127
-3.288689136505127
-3.277998685836792
-3.277998685836792
-3.277998685836792
-3.277998685836792
-3.277998685836792
-3.277998685836792
-3.265702486038208
-3.265702486038208
-3.265702486038208
-3.265702486038208
-3.265702486038208
-3.265702486038208
-3.265702486038208
-3.265702486038208
-3.265702486038208
-3.265702486038208
-3.265702486038208
-3.265702486038208
-3.265702486038208
-3.265702486038208
-3.265702486038208
-3.265702486038208
-3.265702486038208
-3.265702486038208
-3.265702486038208
-3.265702486038208
-3.265702486038208
-3.265702486038208
-3.265702486038208
-3.265702486038208
-3.265702486038208
-3.265702486038208
-3.265702486038208
-3.265702486038208
-3.265702486038208
-3.265702486038208
-3.265702486038208
-3.265702486038208
-3.265702486038208
-3.2870326042175293
-3.2870326042175293
-3.2870326042175293
-3.2870326042175293
-3.2870326042175293
-3.2870326042175293
-3.2870326042175293
-3.2870326042175293
-3.2870326042175293
-3.2870326042175293
-3.2870326042175293
-3.2870326042175293
-3.2870326042175293
-3.2870326042175293
-3.2870326042175293
-3.2870326042175293
-3.2870326042175293
-3.2870326042175293
-3.2870326042175293
-3.2870326042175293
-3.2870326042175293
-3.2870326042175293
-3.2870326042175293
-3.2870326042175293
-3.2870326042175293
-3.2870326042175293
-3.2870326042175293
-3.2870326042175293
-3.2870326042175293
-3.2870326042175293
-3.2870326042175293
-3.2870326042175293
-3.2870326042175293
-3.2870326042175293
-3.2870326042175293
-3.2870326042175293
-3.2870326042175293
-3.2870326042175293
-3.2870326042175293
-3.2870326042175293
-3.2870326042175293
-3.2870326042175293
-3.2870326042175293
-3.2870326042175293
-3.2870326042175293
-3.2870326042175293
-3.2870326042175293
-3.2870326042175293
-3.2870326042175293
-3.319456100463867
-3.319456100463867
-3.319456100463867
-3.319456100463867
-3.319456100463867
-3.319456100463867
-3.319456100463867
-3.319456100463867
-3.319456100463867
-3.319456100463867
-3.319456100463867
-3.319456100463867
-3.319456100463867
-3.319456100463867
-3.319456100463867
-3.319456100463867
-3.319456100463867
-3.319456100463867
-3.319456100463867
-3.319456100463867
-3.319456100463867
-3.319456100463867
-3.319456100463867
-3.319456100463867
-3.319456100463867
-3.319456100463867
-3.319456100463867
-3.319456100463867
-3.319456100463867
-3.319456100463867
-3.319456100463867
-3.319456100463867
-3.319456100463867
-3.319456100463867
-3.319456100463867
-3.319456100463867
-3.319456100463867
-3.319456100463867
-3.319456100463867
-3.319456100463867
-3.319456100463867
-3.319456100463867
-3.319456100463867
-3.319456100463867
-3.319456100463867
-3.319456100463867
-3.319456100463867
-3.319456100463867
-3.319456100463867
-3.319456100463867
-3.319456100463867
-3.319456100463867
-3.319456100463867
-3.319456100463867
-3.319456100463867
-3.319456100463867
-3.268770456314087
-3.268770456314087
-3.268770456314087
-3.268770456314087
-3.268770456314087
-3.268770456314087
-3.268770456314087
-3.268770456314087
-3.268770456314087
-3.268770456314087
-3.268770456314087
-3.268770456314087
-3.268770456314087
-3.268770456314087
-3.268770456314087
-3.268770456314087
-3.268770456314087
-3.268770456314087
-3.268770456314087
-3.268770456314087
-3.268770456314087
-3.268770456314087
-3.268770456314087
-3.268770456314087
-3.268770456314087
-3.2853360176086426
-3.2853360176086426
-3.300947904586792
-3.300947904586792
-3.300947904586792
-3.300947904586792
-3.300947904586792
-3.300947904586792
-3.300947904586792
-3.300947904586792
-3.300947904586792
-3.267526149749756
-3.267526149749756
-3.267526149749756
-3.267526149749756
-3.267526149749756
-3.267526149749756
-3.267526149749756
-3.267526149749756
-3.267526149749756
-3.267526149749756
-3.267526149749756
-3.267526149749756
-3.267526149749756
-3.267526149749756
-3.267526149749756
-3.267526149749756
-3.267526149749756
-3.267526149749756
-3.267526149749756
-3.267526149749756
-3.267526149749756
-3.267526149749756
-3.267526149749756
-3.267526149749756
-3.267526149749756
-3.267526149749756
-3.267526149749756
-3.267526149749756
-3.267526149749756
-3.267526149749756
-3.267526149749756
-3.267526149749756
-3.267526149749756
-3.267526149749756
-3.267526149749756
-3.267526149749756
-3.267526149749756
-3.267526149749756
-3.2967722415924072
-3.2967722415924072
-3.2967722415924072
-3.2967722415924072
-3.2967722415924072
-3.2967722415924072
-3.2967722415924072
-3.2967722415924072
-3.2967722415924072
-3.2967722415924072
-3.2967722415924072
-3.2967722415924072
-3.2967722415924072
-3.2967722415924072
-3.2967722415924072
-3.2967722415924072
-3.2967722415924072
-3.2967722415924072
-3.2967722415924072
-3.2967722415924072
-3.2967722415924072
-3.2967722415924072
-3.2967722415924072
-3.2967722415924072
-3.2967722415924072
-3.2967722415924072
-3.2967722415924072
-3.2967722415924072
-3.2967722415924072
-3.2967722415924072
-3.2967722415924072
-3.2967722415924072
-3.2967722415924072
-3.2967722415924072
-3.2967722415924072
-3.2967722415924072
-3.2967722415924072
-3.2967722415924072
-3.2967722415924072
-3.2967722415924072
-3.2967722415924072
-3.2967722415924072
-3.2967722415924072
-3.2967722415924072
-3.2967722415924072
-3.2967722415924072
-3.2933738231658936
-3.2933738231658936
-3.2933738231658936
-3.2933738231658936
-3.2933738231658936
-3.2933738231658936
-3.2933738231658936
-3.2933738231658936
-3.2933738231658936
-3.2933738231658936
-3.2933738231658936
-3.2933738231658936
-3.2933738231658936
-3.2933738231658936
-3.2933738231658936
-3.269313335418701
-3.269313335418701
-3.269313335418701
-3.269313335418701
-3.269313335418701
-3.269313335418701
-3.269313335418701
-3.269313335418701
-3.269313335418701
-3.269313335418701
-3.269313335418701
-3.269313335418701
-3.269313335418701
-3.269313335418701
-3.269313335418701
-3.269313335418701
-3.269313335418701
-3.269313335418701
-3.269313335418701
-3.269313335418701
-3.269313335418701
-3.269313335418701
-3.269313335418701
-3.269313335418701
-3.269313335418701
-3.269313335418701
-3.269313335418701
-3.269313335418701
-3.269313335418701
-3.269313335418701
-3.269313335418701
-3.269313335418701
-3.269313335418701
-3.269313335418701
-3.269313335418701
-3.269313335418701
-3.269313335418701
-3.269313335418701
-3.269313335418701
-3.269313335418701
-3.269313335418701
-3.269313335418701
-3.269313335418701
-3.269313335418701
-3.269313335418701
-3.269313335418701
-3.269313335418701
-3.269313335418701
-3.269313335418701
-3.269313335418701
-3.269313335418701
-3.269313335418701
-3.269313335418701
-3.269313335418701
-3.269313335418701
-3.269313335418701
-3.269313335418701
-3.269313335418701
-3.269313335418701
-3.269313335418701
-3.269313335418701
-3.269313335418701
-3.269313335418701
-3.269313335418701
-3.269313335418701
-3.269313335418701
-3.269313335418701
-3.269313335418701
-3.269313335418701
-3.269313335418701
-3.269313335418701
-3.269313335418701
-3.269313335418701
-3.269313335418701
-3.269313335418701
-3.269313335418701
-3.269313335418701
-3.269313335418701
-3.269313335418701
-3.269313335418701
-3.269313335418701
-3.269313335418701
-3.269313335418701
-3.269313335418701
-3.269313335418701
-3.269313335418701
-3.269313335418701
-3.269313335418701
-3.269313335418701
-3.269313335418701
-3.269313335418701
-3.269313335418701
-3.269313335418701
-3.269313335418701
-3.269313335418701
-3.269313335418701
-3.269313335418701
-3.269313335418701
-3.269313335418701
-3.269313335418701
-3.269313335418701
-3.2826759815216064
-3.2826759815216064
-3.2826759815216064
-3.2826759815216064
-3.2826759815216064
-3.2826759815216064
-3.2826759815216064
-3.2826759815216064
-3.2826759815216064
-3.2826759815216064
-3.2826759815216064
-3.2826759815216064
-3.2826759815216064
-3.2826759815216064
-3.2826759815216064
-3.2826759815216064
-3.2826759815216064
-3.2826759815216064
-3.2826759815216064
-3.2826759815216064
-3.2826759815216064
-3.2826759815216064
-3.2826759815216064
-3.2826759815216064
-3.2826759815216064
-3.2826759815216064
-3.2826759815216064
-3.2826759815216064
-3.2826759815216064
-3.2826759815216064
-3.2826759815216064
-3.2826759815216064
-3.2826759815216064
-3.2826759815216064
-3.2826759815216064
-3.2826759815216064
-3.2826759815216064
-3.2826759815216064
-3.2826759815216064
-3.2826759815216064
-3.2826759815216064
-3.2826759815216064
-3.2826759815216064
-3.2826759815216064
-3.2826759815216064
-3.2826759815216064
-3.2826759815216064
-3.2826759815216064
-3.2826759815216064
-3.2826759815216064
-3.2826759815216064
-3.2826759815216064
-3.2826759815216064
-3.2826759815216064
-3.2826759815216064
-3.2826759815216064
-3.2826759815216064
-3.2826759815216064
-3.2826759815216064
-3.2826759815216064
-3.2826759815216064
-3.2826759815216064
-3.2826759815216064
-3.2826759815216064
-3.2826759815216064
-3.2826759815216064
-3.2826759815216064
-3.2826759815216064
-3.2826759815216064
-3.2826759815216064
-3.2523036003112793
-3.2523036003112793
-3.2523036003112793
-3.2523036003112793
-3.2523036003112793
-3.2523036003112793
-3.2523036003112793
-3.2523036003112793
-3.2523036003112793
-3.2523036003112793
-3.2523036003112793
-3.2523036003112793
-3.2523036003112793
-3.2523036003112793
-3.2523036003112793
-3.2523036003112793
-3.2523036003112793
-3.2523036003112793
-3.2523036003112793
-3.2523036003112793
-3.2523036003112793
-3.2523036003112793
-3.2523036003112793
-3.2523036003112793
-3.2523036003112793
-3.2523036003112793
-3.2523036003112793
-3.2523036003112793
-3.2523036003112793
-3.2523036003112793
-3.2523036003112793
-3.2523036003112793
-3.2434301376342773
-3.2434301376342773
-3.2434301376342773
-3.2434301376342773
-3.2434301376342773
-3.2434301376342773
-3.2434301376342773
-3.2434301376342773
-3.2434301376342773
-3.215794086456299
-3.215794086456299
-3.215794086456299
-3.215794086456299
-3.215794086456299
-3.215794086456299
-3.215794086456299
-3.215794086456299
-3.1831040382385254
-3.1831040382385254
-3.1831040382385254
-3.1831040382385254
-3.1831040382385254
-3.1831040382385254
-3.1438214778900146
-3.1438214778900146
-3.1438214778900146
-3.1438214778900146
-3.1121788024902344
-3.1121788024902344
-3.1121788024902344
-3.1121788024902344
-3.1121788024902344
-3.1121788024902344
-3.1121788024902344
-3.1121788024902344
-3.1121788024902344
-3.1121788024902344
-3.1121788024902344
-3.1121788024902344
-3.1121788024902344
-3.1009562015533447
-3.1009562015533447
-3.1009562015533447
-3.1009562015533447
-3.1009562015533447
-3.1009562015533447
-3.1009562015533447
-3.1009562015533447
-3.1009562015533447
-3.1009562015533447
-3.1009562015533447
-3.1009562015533447
-3.1009562015533447
